ABR Group Header  ==================================
    Group Number: 3
         Records: 5
  SigGen File #1: DX
  SigGen File #2: 
      Subject ID: NO.4357
    Reference #1: 8d
    Reference #2: 5W
            Memo: 17.0g
      Start Time: Wed Jan 30 07:05
        End Time: Wed Jan 30 07:05
----------------------------------------------------

   Record Number: 1845
   Aqu. Duration: 14.9914 ms
     Onset Delay: 0 ms
      No. Points: 366
    No. Averages: 2
   No. Artifacts: 0
      Start Time: Wed Jan 30 07:05

    SigGen Index: 84
       Variables: 
                  Freq = 16000 Hz
                  Level = 55 dB
                  Atten-A = 35 dB
                  Phase = 90 deg
                  Duration = 3 ms
                  GateTime = 1 ms
-2.45498e-005
-2.38285e-005
-2.2719e-005
-2.20721e-005
-2.14437e-005
-2.04346e-005
-1.94361e-005
-1.87917e-005
-1.82637e-005
-1.72868e-005
-1.59766e-005
-1.48083e-005
-1.41113e-005
-1.39887e-005
-1.40354e-005
-1.34016e-005
-1.17936e-005
-1.01487e-005
-9.78858e-006
-1.06593e-005
-1.09962e-005
-1.00604e-005
-8.77702e-006
-7.85855e-006
-7.09109e-006
-6.36962e-006
-5.48309e-006
-4.23006e-006
-3.0841e-006
-2.28595e-006
-1.43982e-006
-3.93289e-007
-6.00013e-008
-2.03351e-007
3.06425e-007
1.48118e-006
2.32061e-006
2.59677e-006
2.82322e-006
3.12651e-006
3.32528e-006
3.64281e-006
4.42884e-006
5.29762e-006
5.97533e-006
6.48371e-006
7.04145e-006
7.59552e-006
7.28227e-006
6.63605e-006
6.57918e-006
6.77699e-006
6.76699e-006
6.91836e-006
7.58916e-006
7.87878e-006
7.74661e-006
7.78191e-006
7.89329e-006
7.96973e-006
7.88503e-006
7.74941e-006
7.39223e-006
6.70832e-006
6.03166e-006
5.6061e-006
5.59098e-006
5.98553e-006
6.14401e-006
5.82074e-006
5.07554e-006
4.35869e-006
3.83832e-006
3.35432e-006
2.96413e-006
2.66131e-006
2.86107e-006
2.8942e-006
2.12181e-006
1.5413e-006
1.32634e-006
1.19787e-006
1.29099e-006
1.47189e-006
1.21251e-006
6.14953e-007
-2.18565e-007
-1.20505e-006
-1.31931e-006
-5.81044e-007
6.48451e-008
4.93341e-009
-5.95151e-007
-1.25278e-006
-1.54747e-006
-1.35232e-006
-9.78374e-007
-8.30547e-007
-8.30337e-007
-8.56224e-007
-1.09593e-006
-1.83467e-006
-2.32258e-006
-1.86465e-006
-8.93734e-007
-1.57286e-007
6.83744e-008
-3.62753e-009
-1.01742e-008
4.9768e-007
9.68868e-007
8.09458e-007
5.82282e-007
9.50158e-007
1.49334e-006
1.66183e-006
1.65276e-006
1.26468e-006
7.50956e-007
9.36945e-007
1.76695e-006
2.27553e-006
2.12878e-006
1.90088e-006
2.02478e-006
2.93656e-006
3.92845e-006
4.20718e-006
4.21653e-006
4.37436e-006
4.4171e-006
4.4233e-006
4.62373e-006
4.52761e-006
4.30568e-006
4.9517e-006
5.7464e-006
5.85044e-006
5.94404e-006
6.31601e-006
6.40157e-006
6.4355e-006
6.13368e-006
5.43716e-006
5.59673e-006
6.83424e-006
7.76338e-006
7.98051e-006
7.85228e-006
7.91763e-006
8.04783e-006
8.10004e-006
7.99511e-006
7.72323e-006
7.76164e-006
8.02193e-006
8.40277e-006
8.32782e-006
7.81567e-006
7.80016e-006
8.2437e-006
8.256e-006
8.15988e-006
8.1025e-006
7.60677e-006
7.13516e-006
7.58414e-006
8.3173e-006
8.19823e-006
7.42496e-006
6.88955e-006
6.69799e-006
6.35096e-006
5.9529e-006
5.86604e-006
6.06922e-006
6.3046e-006
6.46535e-006
6.74896e-006
6.93183e-006
6.45613e-006
5.72843e-006
5.49603e-006
5.9322e-006
6.34937e-006
5.99638e-006
5.37916e-006
4.85073e-006
4.09029e-006
3.00208e-006
2.07505e-006
1.60165e-006
1.61708e-006
1.85922e-006
1.74599e-006
1.50509e-006
1.54719e-006
1.35438e-006
9.013e-007
9.01094e-007
9.82262e-007
8.94612e-007
1.0069e-006
1.10289e-006
1.02488e-006
9.42156e-007
5.2466e-007
-4.34857e-007
-1.51949e-006
-2.13117e-006
-2.2308e-006
-2.47261e-006
-3.21912e-006
-3.85013e-006
-3.67315e-006
-3.524e-006
-4.0833e-006
-4.65311e-006
-4.91681e-006
-4.99214e-006
-4.75721e-006
-4.16204e-006
-3.73114e-006
-3.85947e-006
-3.89886e-006
-3.65093e-006
-3.40923e-006
-3.52349e-006
-4.27063e-006
-5.07639e-006
-5.32549e-006
-4.92245e-006
-4.56939e-006
-4.87253e-006
-5.43312e-006
-5.40348e-006
-5.17534e-006
-5.3015e-006
-5.61964e-006
-5.77441e-006
-5.63933e-006
-5.35202e-006
-5.02096e-006
-4.98956e-006
-5.18108e-006
-5.28071e-006
-5.13894e-006
-4.81401e-006
-4.76385e-006
-4.49066e-006
-3.77061e-006
-3.37828e-006
-3.63647e-006
-4.54347e-006
-5.50855e-006
-5.44344e-006
-4.2993e-006
-3.51993e-006
-3.43202e-006
-3.50037e-006
-3.49799e-006
-3.6972e-006
-4.4649e-006
-5.59311e-006
-5.99081e-006
-5.72315e-006
-5.58711e-006
-5.57751e-006
-5.41906e-006
-4.98219e-006
-4.26984e-006
-3.78047e-006
-3.80219e-006
-3.94975e-006
-4.00521e-006
-3.97663e-006
-3.6607e-006
-3.10212e-006
-2.78469e-006
-2.83763e-006
-3.23196e-006
-3.95633e-006
-4.22712e-006
-3.68704e-006
-3.27547e-006
-3.5521e-006
-4.10839e-006
-4.57589e-006
-4.63556e-006
-3.50352e-006
-1.87149e-006
-1.30703e-006
-1.23766e-006
-1.17694e-006
-1.21331e-006
-8.36957e-007
-3.44997e-007
-3.18603e-007
-1.01955e-006
-2.34732e-006
-2.93369e-006
-2.58992e-006
-2.12826e-006
-1.37252e-006
-4.71321e-007
-6.56964e-008
-5.69559e-007
-1.16607e-006
-1.10794e-006
-1.25394e-006
-1.81827e-006
-1.62339e-006
-3.03956e-007
8.43455e-007
9.2849e-007
4.64079e-007
-7.91881e-009
-2.4687e-007
-1.86623e-007
-5.10065e-009
1.33434e-007
2.41063e-008
-1.80767e-007
-2.49837e-007
-3.14925e-007
1.17525e-008
7.25337e-007
1.34155e-006
1.42022e-006
1.37255e-006
1.62451e-006
1.9921e-006
2.24502e-006
2.46682e-006
2.61914e-006
2.23887e-006
1.68448e-006
1.85468e-006
2.31083e-006
2.1591e-006
1.86354e-006
1.862e-006
2.19078e-006
2.40888e-006
2.34746e-006
2.31732e-006
2.48743e-006
2.91655e-006
3.07249e-006
2.75035e-006
2.37474e-006
2.34184e-006
2.96594e-006
3.89291e-006
4.14638e-006
3.36752e-006
2.79512e-006
3.24581e-006
4.30959e-006
4.52223e-006
3.4798e-006
2.25197e-006
1.98779e-006
2.06278e-006
1.92564e-006
2.08117e-006

   Record Number: 1846
   Aqu. Duration: 14.9914 ms
     Onset Delay: 0 ms
      No. Points: 366
    No. Averages: 2
   No. Artifacts: 0
      Start Time: Wed Jan 30 07:05

    SigGen Index: 84
       Variables: 
                  Freq = 16000 Hz
                  Level = 55 dB
                  Atten-A = 35 dB
                  Phase = 90 deg
                  Duration = 3 ms
                  GateTime = 1 ms
3.47071e-006
3.08566e-006
2.47167e-006
2.21366e-006
2.20935e-006
2.44502e-006
3.06176e-006
3.84951e-006
4.34315e-006
4.29997e-006
3.87959e-006
3.37741e-006
2.87474e-006
2.26232e-006
1.9856e-006
2.27002e-006
2.47555e-006
1.97782e-006
1.34372e-006
1.12005e-006
1.5094e-006
2.07274e-006
2.021e-006
1.39728e-006
7.35386e-007
4.71116e-007
3.44937e-007
2.38516e-007
-4.26707e-008
-6.49347e-007
-1.41159e-006
-2.14245e-006
-2.73211e-006
-2.87737e-006
-3.04075e-006
-3.60344e-006
-3.86266e-006
-3.46902e-006
-3.44559e-006
-4.08563e-006
-4.33993e-006
-4.36949e-006
-4.8464e-006
-5.15314e-006
-5.2584e-006
-5.79886e-006
-6.477e-006
-6.57888e-006
-6.19686e-006
-5.69779e-006
-5.72217e-006
-6.20324e-006
-6.89255e-006
-7.55059e-006
-8.05861e-006
-8.42606e-006
-8.67406e-006
-8.59179e-006
-8.60169e-006
-9.25031e-006
-9.81264e-006
-9.34579e-006
-8.68105e-006
-8.82902e-006
-9.31694e-006
-9.57934e-006
-9.77125e-006
-1.03252e-005
-1.11104e-005
-1.1297e-005
-1.10577e-005
-1.13318e-005
-1.22225e-005
-1.26342e-005
-1.20516e-005
-1.1676e-005
-1.2027e-005
-1.24133e-005
-1.22776e-005
-1.20022e-005
-1.20412e-005
-1.17321e-005
-1.09767e-005
-1.05443e-005
-1.09751e-005
-1.18325e-005
-1.23124e-005
-1.24833e-005
-1.30067e-005
-1.38713e-005
-1.42357e-005
-1.38213e-005
-1.35561e-005
-1.40705e-005
-1.48916e-005
-1.57551e-005
-1.60309e-005
-1.59415e-005
-1.6282e-005
-1.67618e-005
-1.67258e-005
-1.62229e-005
-1.58294e-005
-1.54125e-005
-1.49569e-005
-1.42783e-005
-1.32951e-005
-1.22244e-005
-1.10068e-005
-9.32259e-006
-7.2886e-006
-5.10756e-006
-2.67858e-006
7.4437e-008
2.37972e-006
4.57329e-006
7.28876e-006
9.6495e-006
1.19378e-005
1.49903e-005
1.79435e-005
1.99376e-005
2.15241e-005
2.30398e-005
2.43727e-005
2.55309e-005
2.59408e-005
2.52489e-005
2.40685e-005
2.34122e-005
2.32841e-005
2.2795e-005
2.17733e-005
2.13421e-005
2.18667e-005
2.21746e-005
2.14452e-005
2.01934e-005
1.96697e-005
1.98918e-005
1.9845e-005
1.96338e-005
1.98857e-005
2.08257e-005
2.18088e-005
2.25488e-005
2.34832e-005
2.49304e-005
2.66834e-005
2.80419e-005
2.88688e-005
3.01301e-005
3.16682e-005
3.29084e-005
3.34756e-005
3.34692e-005
3.35128e-005
3.36002e-005
3.33771e-005
3.26417e-005
3.2499e-005
3.31317e-005
3.32626e-005
3.2889e-005
3.24465e-005
3.19807e-005
3.15358e-005
3.0857e-005
3.02971e-005
2.9589e-005
2.87315e-005
2.8301e-005
2.8e-005
2.76513e-005
2.73441e-005
2.67875e-005
2.60061e-005
2.49586e-005
2.38338e-005
2.29608e-005
2.24154e-005
2.20455e-005
2.14813e-005
2.10947e-005
2.13438e-005
2.15904e-005
2.10398e-005
1.96941e-005
1.8594e-005
1.82785e-005
1.8167e-005
1.7824e-005
1.73804e-005
1.72738e-005
1.71693e-005
1.64325e-005
1.52047e-005
1.40322e-005
1.31084e-005
1.26065e-005
1.25413e-005
1.28662e-005
1.35167e-005
1.35018e-005
1.231e-005
1.10291e-005
1.02832e-005
9.96736e-006
1.00394e-005
1.01185e-005
1.00738e-005
9.59347e-006
8.5544e-006
7.6995e-006
7.17051e-006
6.78176e-006
6.66266e-006
6.6554e-006
6.35651e-006
5.50055e-006
4.43779e-006
3.75733e-006
3.24358e-006
2.21234e-006
1.02663e-006
1.10985e-007
-1.61953e-007
-1.70648e-007
-4.88721e-007
-1.28761e-006
-2.62987e-006
-4.03812e-006
-5.33198e-006
-6.86385e-006
-8.30998e-006
-8.83983e-006
-9.18257e-006
-1.02834e-005
-1.17883e-005
-1.30309e-005
-1.33399e-005
-1.31677e-005
-1.35958e-005
-1.46367e-005
-1.58763e-005
-1.67003e-005
-1.69679e-005
-1.70811e-005
-1.75129e-005
-1.91232e-005
-2.11637e-005
-2.22896e-005
-2.26267e-005
-2.29281e-005
-2.33282e-005
-2.34401e-005
-2.34307e-005
-2.382e-005
-2.46405e-005
-2.55773e-005
-2.63748e-005
-2.68122e-005
-2.69611e-005
-2.75272e-005
-2.82615e-005
-2.83701e-005
-2.82717e-005
-2.78166e-005
-2.72465e-005
-2.79523e-005
-2.95907e-005
-2.99089e-005
-2.87323e-005
-2.77378e-005
-2.74826e-005
-2.773e-005
-2.81852e-005
-2.83225e-005
-2.80509e-005
-2.79167e-005
-2.77956e-005
-2.73337e-005
-2.66597e-005
-2.61968e-005
-2.58539e-005
-2.54217e-005
-2.51173e-005
-2.47994e-005
-2.38267e-005
-2.25301e-005
-2.15879e-005
-2.11819e-005
-2.13466e-005
-2.16269e-005
-2.07982e-005
-1.91673e-005
-1.80691e-005
-1.7666e-005
-1.7316e-005
-1.67119e-005
-1.57736e-005
-1.50015e-005
-1.44257e-005
-1.38268e-005
-1.2836e-005
-1.14831e-005
-1.04098e-005
-9.9065e-006
-9.54245e-006
-9.21092e-006
-8.50701e-006
-7.13917e-006
-5.80044e-006
-4.81346e-006
-4.05403e-006
-3.50317e-006
-2.86371e-006
-1.86255e-006
-1.0344e-006
-4.46747e-007
5.10804e-007
1.078e-006
7.97904e-007
6.3482e-007
1.02153e-006
1.25257e-006
1.47408e-006
2.41334e-006
3.35509e-006
3.95521e-006
4.25326e-006
4.3445e-006
4.23004e-006
4.54931e-006
4.91115e-006
4.91792e-006
5.07587e-006
5.44419e-006
5.73231e-006
5.80105e-006
6.26068e-006
6.88574e-006
6.78885e-006
6.47244e-006
6.33455e-006
5.95446e-006
5.46997e-006
5.12309e-006
5.05601e-006
5.2427e-006
5.27349e-006
4.685e-006
3.95433e-006
3.91131e-006
4.1117e-006
4.233e-006
4.623e-006
4.811e-006
4.36915e-006
3.57468e-006
3.04325e-006
3.03276e-006
2.9618e-006
2.88205e-006
2.89148e-006
2.59313e-006

   Record Number: 1847
   Aqu. Duration: 14.9914 ms
     Onset Delay: 0 ms
      No. Points: 366
    No. Averages: 2
   No. Artifacts: 0
      Start Time: Wed Jan 30 07:05

    SigGen Index: 84
       Variables: 
                  Freq = 16000 Hz
                  Level = 55 dB
                  Atten-A = 35 dB
                  Phase = 90 deg
                  Duration = 3 ms
                  GateTime = 1 ms
1.44171e-006
1.26696e-006
9.42686e-007
7.08869e-007
3.28637e-007
5.49796e-007
9.72781e-007
7.17214e-007
2.70875e-007
1.23954e-007
4.72037e-008
1.66266e-007
6.72437e-007
8.84182e-007
8.29789e-007
8.18021e-007
8.22189e-007
5.52795e-007
-2.04462e-007
-1.06442e-006
-1.14891e-006
-6.40171e-007
-2.64416e-007
-3.54941e-007
-1.18238e-006
-2.25963e-006
-2.16344e-006
-8.88934e-007
-1.27956e-007
-4.36214e-007
-9.04408e-007
-9.84837e-007
-5.57987e-007
-1.32416e-007
-1.67233e-007
5.97399e-008
2.60518e-007
-3.77134e-007
-1.18421e-006
-1.17539e-006
-3.36875e-007
5.33983e-007
9.40559e-007
7.99996e-007
1.07296e-006
1.78232e-006
1.55379e-006
1.03772e-006
4.6953e-007
-2.15225e-007
-5.63816e-007
-6.90255e-007
-8.22153e-007
-1.18542e-006
-1.4914e-006
-1.48307e-006
-1.28759e-006
-8.28068e-007
-4.45522e-007
-2.37344e-007
-6.90498e-008
8.08671e-008
1.16245e-007
-1.13454e-007
1.65285e-009
2.0926e-007
-1.62034e-007
-1.13873e-006
-2.12382e-006
-2.70431e-006
-2.79645e-006
-2.93996e-006
-2.96734e-006
-2.74146e-006
-2.6285e-006
-2.69988e-006
-2.84953e-006
-2.88992e-006
-2.84615e-006
-2.71938e-006
-2.51749e-006
-2.8772e-006
-3.59739e-006
-3.69097e-006
-3.32226e-006
-2.63914e-006
-1.64985e-006
-8.50716e-007
-9.63689e-007
-1.49437e-006
-1.76768e-006
-1.76582e-006
-1.60179e-006
-1.42265e-006
-1.31091e-006
-1.27656e-006
-1.22297e-006
-7.57341e-007
-2.85159e-007
-4.31043e-007
-1.01679e-006
-1.74684e-006
-1.81015e-006
-9.53417e-007
-3.5555e-007
-8.32641e-008
-4.23418e-008
-9.87985e-008
-2.69832e-007
-5.93043e-007
-9.1097e-007
-9.3565e-007
-7.08036e-007
-4.20458e-007
-4.33928e-007
-5.00526e-007
5.0092e-008
8.64132e-007
9.81958e-007
3.96856e-007
-1.39974e-008
-3.38437e-007
-6.98203e-007
-9.57952e-007
-9.03383e-007
-3.71416e-007
-1.92258e-007
-2.27518e-007
7.41833e-008
5.22296e-007
1.02792e-006
1.22647e-006
1.13062e-006
8.70864e-007
1.32834e-006
2.32157e-006
2.67121e-006
2.70609e-006
3.05985e-006
3.39879e-006
3.25244e-006
2.41761e-006
1.65826e-006
1.7292e-006
2.45279e-006
2.90426e-006
2.85464e-006
2.52151e-006
2.26868e-006
1.85246e-006
1.19725e-006
7.99122e-007
5.74525e-007
7.87978e-007
1.26522e-006
1.68322e-006
1.55626e-006
8.4087e-007
-5.06514e-008
-9.27279e-007
-1.19227e-006
-5.41023e-007
3.14395e-007
5.76053e-007
2.40208e-007
-1.52099e-007
-5.09503e-007
-7.07326e-007
-6.1673e-007
-2.57363e-007
-8.01165e-008
1.09669e-007
5.52026e-007
5.84437e-007
4.34847e-007
7.25064e-007
9.83088e-007
1.00283e-006
9.60558e-007
7.2375e-007
2.07699e-007
-2.94345e-007
-3.64152e-007
1.19116e-007
5.88832e-007
5.22422e-009
-1.0118e-006
-4.66544e-007
6.82189e-007
6.29536e-007
1.52621e-007
1.62336e-007
6.98156e-007
1.11066e-006
9.68513e-007
3.85829e-007
8.11086e-008
8.6181e-007
1.70481e-006
1.65623e-006
1.42898e-006
1.48966e-006
1.49184e-006
1.39762e-006
1.25738e-006
1.40746e-006
1.80815e-006
2.09235e-006
1.71342e-006
9.17888e-007
5.63059e-007
6.96041e-007
1.19185e-006
1.56279e-006
1.32211e-006
6.10498e-007
-2.50034e-008
-2.65033e-007
-4.20282e-007
-9.58403e-007
-1.62042e-006
-1.49246e-006
-2.29325e-007
8.91489e-007
1.13011e-006
9.46127e-007
7.3263e-007
2.36373e-007
-5.21573e-007
-5.33741e-007
2.22152e-007
8.5017e-007
9.92514e-007
1.11401e-006
1.10346e-006
3.44767e-007
-2.98896e-007
4.16279e-007
2.06244e-006
3.11674e-006
2.8932e-006
1.93815e-006
1.21893e-006
5.33075e-007
-4.38305e-007
-1.56073e-006
-2.5745e-006
-2.94515e-006
-2.80245e-006
-2.64601e-006
-2.4271e-006
-2.14537e-006
-1.84061e-006
-1.34979e-006
-9.0531e-007
-1.04888e-006
-1.8981e-006
-2.66566e-006
-2.59623e-006
-1.93391e-006
-1.38333e-006
-1.01542e-006
-1.07954e-006
-1.67109e-006
-2.21173e-006
-2.00348e-006
-1.18967e-006
-9.51612e-007
-1.81744e-006
-2.46429e-006
-1.91298e-006
-1.27765e-006
-1.44725e-006
-1.76125e-006
-1.84585e-006
-1.81369e-006
-1.21447e-006
-5.7485e-007
-6.03521e-007
-9.87457e-007
-1.53807e-006
-1.81724e-006
-2.09863e-006
-2.15841e-006
-1.408e-006
-3.84828e-007
-3.35143e-007
-1.42354e-006
-1.79433e-006
-6.26363e-007
5.45963e-007
6.16873e-007
-2.72101e-007
-6.75336e-007
-4.03958e-007
-5.47584e-007
-1.45704e-006
-2.19183e-006
-2.00136e-006
-1.21784e-006
-7.73711e-007
-8.1594e-007
-1.12602e-006
-1.0981e-006
-4.36923e-007
2.52932e-007
3.45975e-007
-2.01041e-007
-1.03314e-006
-1.37199e-006
-6.26553e-007
1.575e-007
3.03636e-007
-2.97427e-007
-1.20863e-006
-1.5769e-006
-1.13289e-006
-3.26273e-007
3.43171e-007
1.06032e-006
1.54104e-006
1.50301e-006
1.13e-006
7.119e-007
6.72373e-007
1.01029e-006
1.07465e-006
1.05349e-006
1.45236e-006
1.61237e-006
1.23892e-006
9.11943e-007
1.19396e-006
1.89305e-006
2.20817e-006
1.88986e-006
1.63983e-006
1.47122e-006
1.0075e-006
9.56725e-007
1.41489e-006
1.29255e-006
8.23805e-007
6.05899e-007
9.45698e-007
1.60795e-006
1.79735e-006
1.85172e-006
2.19872e-006
2.22721e-006
1.5783e-006
1.28434e-006
1.8312e-006
2.48457e-006
2.62768e-006
2.60883e-006
2.52056e-006
2.67373e-006
3.32986e-006
3.59134e-006
2.84417e-006
1.80921e-006
1.6288e-006
2.56823e-006
3.19144e-006
2.8067e-006

   Record Number: 1848
   Aqu. Duration: 14.9914 ms
     Onset Delay: 0 ms
      No. Points: 366
    No. Averages: 2
   No. Artifacts: 0
      Start Time: Wed Jan 30 07:05

    SigGen Index: 84
       Variables: 
                  Freq = 16000 Hz
                  Level = 55 dB
                  Atten-A = 35 dB
                  Phase = 90 deg
                  Duration = 3 ms
                  GateTime = 1 ms
1.64628e-006
2.36468e-006
1.86289e-006
7.65118e-008
-1.63048e-006
-2.12193e-006
-1.23944e-006
-3.93829e-007
-5.66312e-007
-1.61462e-006
-2.45142e-006
-1.82258e-006
-8.68677e-007
-7.5022e-007
-1.2793e-006
-1.95181e-006
-1.81139e-006
-7.36581e-007
-3.89863e-007
-1.02844e-006
-1.79685e-006
-2.044e-006
-1.57744e-006
-1.01954e-006
-9.60315e-007
-1.49061e-006
-1.98394e-006
-1.88253e-006
-1.4867e-006
-1.36655e-006
-1.83968e-006
-2.21349e-006
-1.64581e-006
-8.53814e-007
-1.30107e-006
-2.68831e-006
-3.57016e-006
-3.23436e-006
-2.13253e-006
-1.52287e-006
-1.51968e-006
-1.61679e-006
-1.50241e-006
-1.02101e-006
-8.40828e-007
-9.65391e-007
-5.56345e-007
-6.20024e-008
2.28729e-007
1.31496e-007
-2.82195e-007
-6.29171e-007
-6.55559e-007
-8.17236e-007
-1.45848e-006
-2.24439e-006
-2.78705e-006
-2.86358e-006
-2.45532e-006
-1.92872e-006
-1.69763e-006
-1.44015e-006
-1.07483e-006
-8.70616e-007
-6.72067e-007
-5.29016e-007
-8.72627e-007
-1.30843e-006
-1.13832e-006
-3.14269e-007
8.0404e-008
-5.80011e-007
-1.6609e-006
-2.43575e-006
-2.29133e-006
-1.86878e-006
-1.85084e-006
-1.92932e-006
-1.52903e-006
-5.26652e-007
3.22605e-007
4.27593e-007
8.66107e-008
-1.60706e-007
1.84841e-008
2.1071e-007
1.70719e-007
-6.72789e-008
-2.55222e-007
-4.30744e-007
-1.07407e-006
-1.43476e-006
-8.57049e-007
-8.71601e-009
3.6047e-007
2.28804e-007
-2.77422e-008
-3.80719e-007
-6.05739e-007
-2.93561e-007
4.38164e-007
6.75284e-007
-5.71466e-009
-1.06171e-006
-1.3982e-006
-9.91692e-007
-8.72227e-007
-1.55233e-006
-2.52107e-006
-2.78761e-006
-2.23851e-006
-1.9483e-006
-2.12905e-006
-2.38152e-006
-2.78463e-006
-3.24937e-006
-3.55701e-006
-4.33258e-006
-5.20896e-006
-5.13755e-006
-5.06565e-006
-5.56244e-006
-5.69711e-006
-5.33662e-006
-4.89207e-006
-4.50706e-006
-4.22591e-006
-3.96859e-006
-3.34597e-006
-2.98274e-006
-2.89919e-006
-2.85364e-006
-3.58512e-006
-4.9306e-006
-5.94262e-006
-6.14964e-006
-6.14788e-006
-6.23573e-006
-6.43213e-006
-7.48392e-006
-8.83289e-006
-9.59486e-006
-9.88109e-006
-1.00754e-005
-1.04467e-005
-1.12003e-005
-1.20007e-005
-1.21555e-005
-1.18365e-005
-1.17664e-005
-1.2547e-005
-1.40731e-005
-1.50205e-005
-1.48535e-005
-1.42858e-005
-1.41784e-005
-1.48448e-005
-1.56536e-005
-1.63189e-005
-1.65069e-005
-1.59571e-005
-1.52651e-005
-1.50308e-005
-1.52827e-005
-1.58492e-005
-1.61622e-005
-1.62337e-005
-1.65833e-005
-1.71318e-005
-1.70628e-005
-1.63728e-005
-1.60062e-005
-1.6591e-005
-1.7328e-005
-1.7426e-005
-1.66599e-005
-1.5897e-005
-1.5963e-005
-1.65935e-005
-1.72769e-005
-1.79752e-005
-1.85048e-005
-1.87069e-005
-1.89072e-005
-1.90575e-005
-1.90944e-005
-1.91566e-005
-1.95765e-005
-2.00177e-005
-2.00348e-005
-1.95354e-005
-1.90294e-005
-1.90674e-005
-1.98713e-005
-2.10133e-005
-2.12431e-005
-2.06528e-005
-2.04294e-005
-2.09232e-005
-2.15129e-005
-2.11283e-005
-1.93239e-005
-1.72856e-005
-1.61368e-005
-1.5423e-005
-1.40158e-005
-1.19709e-005
-9.74098e-006
-7.20098e-006
-4.6839e-006
-2.28048e-006
2.51287e-007
2.96917e-006
6.22278e-006
9.94904e-006
1.3249e-005
1.5205e-005
1.57553e-005
1.6301e-005
1.72648e-005
1.86354e-005
2.02189e-005
2.11433e-005
2.05332e-005
1.90252e-005
1.77984e-005
1.70598e-005
1.66986e-005
1.6486e-005
1.62916e-005
1.60867e-005
1.60173e-005
1.62274e-005
1.65391e-005
1.66669e-005
1.66265e-005
1.66521e-005
1.73068e-005
1.81137e-005
1.82106e-005
1.80257e-005
1.85701e-005
1.95525e-005
2.01721e-005
2.07175e-005
2.17556e-005
2.35965e-005
2.56607e-005
2.73115e-005
2.83417e-005
2.86976e-005
2.93008e-005
2.99321e-005
2.99355e-005
2.97231e-005
2.9856e-005
3.00484e-005
3.01818e-005
3.04505e-005
3.0881e-005
3.15039e-005
3.23949e-005
3.31676e-005
3.32823e-005
3.25495e-005
3.13926e-005
3.05223e-005
3.00829e-005
2.96807e-005
2.90171e-005
2.82312e-005
2.73865e-005
2.66431e-005
2.5923e-005
2.51789e-005
2.49818e-005
2.48597e-005
2.42153e-005
2.37261e-005
2.38871e-005
2.35688e-005
2.24022e-005
2.12877e-005
2.08994e-005
2.10368e-005
2.08895e-005
2.01324e-005
1.92319e-005
1.85096e-005
1.80174e-005
1.84389e-005
1.90153e-005
1.879e-005
1.75165e-005
1.59143e-005
1.52771e-005
1.55289e-005
1.58076e-005
1.57207e-005
1.56732e-005
1.56903e-005
1.52443e-005
1.43995e-005
1.35539e-005
1.29567e-005
1.24489e-005
1.16709e-005
1.0992e-005
1.07508e-005
1.07268e-005
1.04552e-005
9.78612e-006
9.33918e-006
8.98343e-006
7.79151e-006
6.1558e-006
5.28885e-006
5.46507e-006
5.93423e-006
5.51637e-006
3.82461e-006
2.0227e-006
9.49357e-007
2.88212e-007
-1.76551e-007
-7.43302e-007
-1.29087e-006
-2.11298e-006
-3.58433e-006
-5.20191e-006
-6.18165e-006
-6.7143e-006
-6.93976e-006
-7.54841e-006
-9.58124e-006
-1.15115e-005
-1.20015e-005
-1.22108e-005
-1.35565e-005
-1.53738e-005
-1.6685e-005
-1.76448e-005
-1.84707e-005
-1.90283e-005
-1.95924e-005
-2.04666e-005
-2.14598e-005
-2.18963e-005
-2.21194e-005
-2.30115e-005
-2.4295e-005
-2.51513e-005
-2.57449e-005
-2.64245e-005
-2.70948e-005
-2.75958e-005
-2.79863e-005
-2.82198e-005
-2.83517e-005
-2.8261e-005
-2.78704e-005
-2.78176e-005
-2.8827e-005
-3.03396e-005
-3.18702e-005
-3.28025e-005

   Record Number: 1849
   Aqu. Duration: 14.9914 ms
     Onset Delay: 0 ms
      No. Points: 366
    No. Averages: 2
   No. Artifacts: 0
      Start Time: Wed Jan 30 07:05

    SigGen Index: 84
       Variables: 
                  Freq = 16000 Hz
                  Level = 55 dB
                  Atten-A = 35 dB
                  Phase = 90 deg
                  Duration = 3 ms
                  GateTime = 1 ms
4.19774e-006
3.13354e-006
2.41306e-006
2.49384e-006
3.45236e-006
4.69458e-006
5.26934e-006
5.05827e-006
4.70439e-006
4.78994e-006
5.29861e-006
5.42592e-006
4.88969e-006
4.36849e-006
4.37407e-006
4.63317e-006
4.83232e-006
4.99183e-006
5.34783e-006
5.49955e-006
5.15602e-006
4.73914e-006
4.22386e-006
3.5289e-006
2.92321e-006
2.70613e-006
2.74968e-006
3.05734e-006
3.80496e-006
4.13278e-006
3.31194e-006
2.02134e-006
1.51686e-006
2.1023e-006
2.66748e-006
2.22069e-006
1.63728e-006
2.25389e-006
3.31844e-006
3.81527e-006
4.05432e-006
4.50813e-006
4.92743e-006
4.54181e-006
3.74687e-006
3.59173e-006
3.78095e-006
3.59024e-006
3.39576e-006
3.34181e-006
3.30415e-006
2.99152e-006
2.61594e-006
2.39442e-006
2.46437e-006
2.26861e-006
1.55168e-006
1.08936e-006
1.42141e-006
2.38088e-006
3.07237e-006
3.49058e-006
4.31209e-006
5.16767e-006
5.17412e-006
4.23859e-006
3.26081e-006
2.70522e-006
2.31259e-006
1.86584e-006
1.43169e-006
1.44462e-006
1.93029e-006
2.18032e-006
1.45598e-006
3.4401e-007
-1.21578e-007
1.59904e-007
8.35868e-007
1.31922e-006
1.0459e-006
5.43879e-007
4.66144e-007
4.88951e-007
4.27665e-007
1.80976e-007
-4.88878e-007
-1.0733e-006
-7.9535e-007
3.67786e-008
6.07815e-007
3.16681e-007
-5.63331e-007
-5.66797e-007
-1.69977e-007
-2.58036e-007
-4.32533e-007
-4.06881e-007
-5.41788e-007
-9.72112e-007
-1.00254e-006
-4.69177e-007
4.61621e-007
9.60742e-007
5.92228e-007
4.16281e-007
7.66153e-007
9.38831e-007
9.77574e-007
9.48295e-007
8.65113e-007
4.33271e-007
-4.59823e-007
-1.16405e-006
-1.28568e-006
-1.02283e-006
-7.12074e-007
-8.74421e-007
-1.25848e-006
-1.29311e-006
-6.37297e-007
-8.12809e-009
5.88213e-007
1.39706e-006
1.99333e-006
1.6079e-006
9.10051e-007
5.53089e-007
9.95419e-007
1.76343e-006
1.53191e-006
6.66457e-007
1.63217e-007
5.011e-008
7.84033e-007
1.6581e-006
1.24809e-006
2.09519e-007
2.10956e-008
6.8993e-007
1.12841e-006
1.15661e-006
9.08229e-007
9.15134e-007
9.17422e-007
5.27701e-007
1.34028e-007
1.48708e-007
4.83048e-007
6.19218e-007
4.41665e-007
2.76142e-008
-5.81665e-007
-7.96853e-007
-6.676e-007
-4.842e-007
-2.32554e-007
2.37141e-007
8.0806e-007
6.04859e-007
-3.57776e-007
-6.90359e-007
-6.95411e-010
6.11587e-007
6.17192e-007
2.87438e-007
-2.29552e-007
-5.96984e-007
-4.76464e-007
7.99553e-008
4.12625e-007
4.71247e-007
5.72649e-007
5.0715e-007
3.18787e-007
-1.69791e-007
-8.8149e-007
-1.05952e-006
-9.40203e-007
-1.20257e-006
-8.47362e-007
-5.57434e-008
3.26433e-007
3.89144e-007
4.46891e-007
3.31307e-007
2.3774e-007
1.49468e-007
-2.34715e-007
-9.44883e-007
-1.35542e-006
-9.76278e-007
-5.00762e-007
-4.32442e-007
-7.09444e-007
-9.53986e-007
-6.86228e-007
-5.04668e-007
-7.64776e-007
-5.69492e-007
1.40892e-007
8.14309e-008
-3.70117e-007
-3.27716e-007
2.12798e-008
-6.4412e-008
-3.54818e-007
-3.87103e-007
-2.89105e-007
-4.26941e-007
-1.05977e-006
-1.73256e-006
-1.97431e-006
-1.39683e-006
-6.0942e-007
-4.26403e-007
-9.77769e-007
-1.90614e-006
-2.65458e-006
-2.8851e-006
-2.57658e-006
-2.06543e-006
-2.1116e-006
-2.50696e-006
-3.0017e-006
-3.42418e-006
-3.36833e-006
-2.83735e-006
-2.07088e-006
-1.46719e-006
-1.55499e-006
-1.45507e-006
-8.94976e-007
-4.21268e-007
-5.30802e-007
-1.10372e-006
-1.90367e-006
-2.35265e-006
-2.01553e-006
-1.89782e-006
-2.12751e-006
-2.18014e-006
-2.50826e-006
-3.58685e-006
-4.63459e-006
-4.68717e-006
-4.31883e-006
-3.99217e-006
-3.64109e-006
-3.63532e-006
-3.94027e-006
-4.11446e-006
-3.83804e-006
-3.21213e-006
-2.75764e-006
-2.89085e-006
-3.08212e-006
-2.68885e-006
-2.2262e-006
-2.04424e-006
-2.25542e-006
-2.51647e-006
-2.2251e-006
-1.84269e-006
-1.99259e-006
-2.69291e-006
-3.16731e-006
-3.21125e-006
-2.8233e-006
-2.59292e-006
-2.96882e-006
-3.50827e-006
-3.43656e-006
-2.70972e-006
-1.86428e-006
-1.05564e-006
-6.35998e-007
-6.58005e-007
-6.39231e-007
-5.14775e-007
-2.4613e-007
-1.91261e-007
-5.98094e-007
-1.12339e-006
-1.25544e-006
-1.31103e-006
-1.22188e-006
-1.13694e-006
-1.00169e-006
-7.59606e-007
-4.95612e-007
-5.2319e-007
-8.04004e-007
-1.38479e-006
-1.93217e-006
-2.1851e-006
-2.09841e-006
-2.17379e-006
-2.37363e-006
-2.54702e-006
-2.29519e-006
-1.6681e-006
-1.5983e-006
-2.24912e-006
-3.29592e-006
-4.13203e-006
-4.22206e-006
-4.11247e-006
-4.44593e-006
-5.09717e-006
-5.03993e-006
-4.41037e-006
-4.34076e-006
-4.79056e-006
-4.90349e-006
-4.40553e-006
-3.67551e-006
-3.29455e-006
-3.27144e-006
-3.46079e-006
-3.51739e-006
-2.88774e-006
-2.33899e-006
-2.22054e-006
-2.13971e-006
-1.63923e-006
-6.33042e-007
5.12258e-007
8.88456e-007
3.86095e-007
-2.52615e-007
-4.49565e-007
-4.13015e-007
-4.39696e-007
-2.17386e-007
3.1659e-008
7.13238e-008
-1.42692e-008
4.70138e-008
7.99832e-008
-4.91514e-007
-1.35313e-006
-1.24364e-006
-2.85408e-007
1.93026e-007
-3.75518e-007
-9.41977e-007
-3.32149e-007
8.20217e-007
9.92792e-007
2.49291e-007
-5.84183e-007
-7.70211e-007
-2.52821e-008
4.48436e-007
5.52188e-007
1.19404e-006
1.81851e-006
1.79497e-006
1.34403e-006
6.86455e-007
2.50075e-007
7.98767e-007
2.11752e-006
3.3793e-006
3.50049e-006

