ABR Group Header  ==================================
    Group Number: 4
         Records: 2
  SigGen File #1: DX
  SigGen File #2: 
      Subject ID: NO.4357
    Reference #1: 8d
    Reference #2: 5W
            Memo: 17.0g
      Start Time: Wed Jan 30 08:26
        End Time: Wed Jan 30 08:26
----------------------------------------------------

   Record Number: 1735
   Aqu. Duration: 14.9914 ms
     Onset Delay: 0 ms
      No. Points: 366
    No. Averages: 2
   No. Artifacts: 0
      Start Time: Wed Jan 30 08:26

    SigGen Index: 94
       Variables: 
                  Freq = 16000 Hz
                  Level = 5 dB
                  Atten-A = 85 dB
                  Phase = 90 deg
                  Duration = 3 ms
                  GateTime = 1 ms
2.2574e-006
1.94425e-006
1.78227e-006
2.63927e-006
3.54885e-006
3.17818e-006
2.20545e-006
2.33256e-006
3.34623e-006
3.89781e-006
3.45217e-006
2.71566e-006
2.5616e-006
2.72127e-006
2.53845e-006
2.52503e-006
2.79534e-006
2.96425e-006
3.2879e-006
3.43487e-006
3.62894e-006
4.17766e-006
4.77518e-006
4.89937e-006
4.21509e-006
3.65826e-006
4.00856e-006
4.833e-006
5.66316e-006
5.83508e-006
5.46064e-006
5.41982e-006
5.5122e-006
4.94085e-006
3.68187e-006
3.11551e-006
3.46616e-006
3.71118e-006
3.91446e-006
4.29363e-006
4.2685e-006
4.07958e-006
4.01812e-006
3.78066e-006
3.51622e-006
3.44447e-006
3.32512e-006
2.94289e-006
2.51082e-006
2.13264e-006
1.78296e-006
1.82795e-006
1.97387e-006
1.75755e-006
1.38729e-006
1.38815e-006
1.80575e-006
1.96008e-006
1.55865e-006
1.33655e-006
1.66444e-006
2.32209e-006
2.74519e-006
2.29397e-006
1.50804e-006
1.16779e-006
7.28138e-007
2.08492e-007
1.7688e-007
5.04082e-007
8.06403e-007
5.37307e-007
2.16889e-008
-3.85885e-007
-4.7765e-007
-1.00138e-007
1.3402e-007
-2.63954e-007
-4.35348e-007
-5.95197e-007
-1.43783e-006
-2.36665e-006
-2.27095e-006
-1.43146e-006
-1.10942e-006
-1.73305e-006
-2.27393e-006
-1.96398e-006
-1.73275e-006
-2.30459e-006
-2.98376e-006
-3.11971e-006
-2.57513e-006
-2.04309e-006
-2.24138e-006
-2.65597e-006
-2.58609e-006
-2.07088e-006
-1.5309e-006
-1.4234e-006
-1.34379e-006
-1.30813e-006
-1.63461e-006
-2.01539e-006
-2.04457e-006
-2.03361e-006
-2.61625e-006
-3.68677e-006
-4.32001e-006
-3.85837e-006
-2.48001e-006
-1.55048e-006
-1.77301e-006
-2.33978e-006
-2.37585e-006
-1.80437e-006
-1.65459e-006
-2.30507e-006
-2.40139e-006
-1.36637e-006
-6.1998e-007
-4.33571e-007
-4.29906e-007
-3.40754e-007
-6.6072e-007
-1.29904e-006
-1.31728e-006
-5.56338e-007
-6.30871e-007
-1.56628e-006
-2.39756e-006
-2.97978e-006
-3.38745e-006
-3.34972e-006
-2.86565e-006
-2.17702e-006
-9.8057e-007
2.46427e-007
7.66717e-007
4.71089e-007
-1.19461e-007
-3.89424e-007
-8.28452e-008
4.7644e-008
-7.50077e-007
-1.3542e-006
-1.01306e-006
-1.27549e-007
7.61249e-007
8.27366e-007
-1.34327e-008
-9.93457e-007
-1.69198e-006
-2.68192e-006
-3.37218e-006
-3.39368e-006
-2.98788e-006
-2.50151e-006
-2.22318e-006
-1.86926e-006
-1.53946e-006
-1.52303e-006
-1.6798e-006
-2.11101e-006
-2.73648e-006
-3.25571e-006
-3.24495e-006
-2.81156e-006
-2.95078e-006
-3.3835e-006
-3.97919e-006
-4.67463e-006
-4.96904e-006
-4.56679e-006
-4.42784e-006
-5.06293e-006
-5.71197e-006
-5.43916e-006
-4.74597e-006
-4.26213e-006
-4.08144e-006
-3.77756e-006
-3.33841e-006
-3.29001e-006
-3.82152e-006
-4.46309e-006
-4.75227e-006
-5.12058e-006
-4.90109e-006
-3.9027e-006
-3.4708e-006
-3.97082e-006
-4.32553e-006
-4.43697e-006
-4.51569e-006
-4.68223e-006
-4.58981e-006
-4.41575e-006
-4.68493e-006
-5.15485e-006
-5.40365e-006
-5.03519e-006
-4.41789e-006
-4.18979e-006
-4.558e-006
-5.11741e-006
-5.15066e-006
-5.01296e-006
-4.77126e-006
-4.78087e-006
-5.25417e-006
-5.32097e-006
-5.25893e-006
-5.61248e-006
-6.07798e-006
-5.95793e-006
-5.27625e-006
-4.64864e-006
-4.70805e-006
-5.14396e-006
-5.26864e-006
-4.79831e-006
-4.26341e-006
-3.74807e-006
-3.20324e-006
-3.15088e-006
-3.54309e-006
-3.82915e-006
-3.75976e-006
-3.50036e-006
-3.26236e-006
-2.88698e-006
-2.54579e-006
-2.62699e-006
-2.86513e-006
-2.74275e-006
-2.18756e-006
-1.67493e-006
-1.3706e-006
-8.38009e-007
-1.90664e-007
2.7646e-007
5.31309e-007
7.26999e-007
1.0231e-006
1.01011e-006
4.61038e-007
1.83314e-007
5.29182e-007
8.42954e-007
5.43276e-007
3.39296e-007
4.87862e-007
2.84041e-007
1.5141e-007
5.79573e-007
1.20991e-006
1.69303e-006
1.33185e-006
7.84043e-007
7.64241e-007
8.33919e-007
1.07329e-006
1.76343e-006
2.7919e-006
3.2416e-006
2.66057e-006
1.83973e-006
1.70634e-006
2.02324e-006
2.7207e-006
3.26195e-006
3.03368e-006
2.37022e-006
1.92392e-006
1.8905e-006
2.08588e-006
2.13985e-006
1.67828e-006
1.54478e-006
2.28035e-006
3.02156e-006
2.83418e-006
2.11982e-006
1.83517e-006
2.12285e-006
2.40551e-006
2.54405e-006
2.67594e-006
2.36723e-006
1.70482e-006
1.60988e-006
2.21139e-006
2.6672e-006
2.8175e-006
2.75136e-006
2.54149e-006
2.39683e-006
2.40432e-006
2.40945e-006
2.49419e-006
2.71943e-006
3.02699e-006
3.82875e-006
4.52283e-006
3.91454e-006
2.39663e-006
9.9577e-007
2.21884e-007
3.64359e-008
4.65868e-007
1.01134e-006
1.07271e-006
1.04073e-006
1.39499e-006
2.08488e-006
2.20341e-006
2.046e-006
2.59532e-006
3.52943e-006
3.51884e-006
2.68877e-006
2.38519e-006
2.28227e-006
1.65793e-006
1.32842e-006
1.50136e-006
1.97389e-006
2.47639e-006
2.69282e-006
2.48172e-006
2.36218e-006
3.09582e-006
3.8811e-006
3.74208e-006
2.82156e-006
2.02981e-006
1.79759e-006
1.57292e-006
1.24263e-006
1.5825e-006
2.3118e-006
2.45724e-006
1.85503e-006
1.12709e-006
6.15693e-007
3.90655e-007
1.08512e-006
1.90388e-006
1.82466e-006
1.61232e-006
1.78977e-006
2.33406e-006
2.73908e-006
2.48135e-006
1.87516e-006
1.70259e-006
2.32729e-006
3.08904e-006
3.13288e-006
2.69197e-006
2.65775e-006
3.12596e-006
3.71794e-006
3.92945e-006
3.6791e-006

   Record Number: 1736
   Aqu. Duration: 14.9914 ms
     Onset Delay: 0 ms
      No. Points: 366
    No. Averages: 2
   No. Artifacts: 0
      Start Time: Wed Jan 30 08:26

    SigGen Index: 94
       Variables: 
                  Freq = 16000 Hz
                  Level = 5 dB
                  Atten-A = 85 dB
                  Phase = 90 deg
                  Duration = 3 ms
                  GateTime = 1 ms
-3.19324e-006
-3.49095e-006
-3.20269e-006
-2.36802e-006
-1.95777e-006
-2.11288e-006
-2.21661e-006
-2.34739e-006
-2.48628e-006
-2.51657e-006
-2.95247e-006
-3.62633e-006
-3.71046e-006
-3.26071e-006
-2.88568e-006
-2.84655e-006
-2.66282e-006
-1.76951e-006
-7.02584e-007
-7.92082e-007
-1.71089e-006
-1.87312e-006
-8.82876e-007
-7.96588e-008
-3.90516e-007
-7.54559e-007
-7.16982e-007
-9.45739e-007
-1.63586e-006
-1.9498e-006
-1.44447e-006
-7.69577e-007
-4.34402e-007
-4.26022e-007
-5.08057e-007
-7.04456e-007
-8.25298e-007
-7.28012e-007
-1.28502e-006
-1.75337e-006
-1.59377e-006
-1.88085e-006
-2.58613e-006
-2.95036e-006
-2.95193e-006
-2.59168e-006
-1.86745e-006
-1.35248e-006
-1.34313e-006
-1.55517e-006
-1.89267e-006
-2.09628e-006
-1.83479e-006
-9.33697e-007
2.68291e-007
1.05945e-006
1.23893e-006
8.99271e-007
5.06404e-007
2.62189e-007
2.97389e-007
2.1729e-007
-4.5193e-007
-8.57947e-007
-1.87119e-007
7.93625e-007
1.4002e-006
1.62205e-006
1.40376e-006
7.73172e-007
1.53353e-007
-1.04587e-007
2.3228e-007
1.16237e-006
1.82692e-006
1.31979e-006
3.24888e-007
-7.434e-008
3.07927e-007
7.89786e-007
1.04441e-006
1.22701e-006
1.66863e-006
1.81494e-006
1.3577e-006
7.69844e-007
6.77327e-007
7.57364e-007
9.42076e-007
1.48567e-006
1.99699e-006
2.14361e-006
2.51878e-006
3.29405e-006
3.74431e-006
3.26289e-006
2.89247e-006
3.36861e-006
3.4872e-006
2.51587e-006
1.82419e-006
2.48396e-006
3.27221e-006
3.11702e-006
2.07466e-006
1.41432e-006
1.76156e-006
2.55578e-006
3.09245e-006
3.20029e-006
3.15158e-006
3.1194e-006
3.3481e-006
4.04646e-006
4.59214e-006
4.78105e-006
4.67673e-006
4.22562e-006
3.75435e-006
3.86005e-006
4.53969e-006
4.9847e-006
5.68013e-006
6.19345e-006
5.64572e-006
4.25338e-006
3.53023e-006
4.1089e-006
5.40944e-006
6.25534e-006
5.96701e-006
5.02555e-006
4.38547e-006
4.18406e-006
3.88645e-006
3.34878e-006
2.92196e-006
3.46912e-006
4.46406e-006
5.1221e-006
5.37087e-006
5.57824e-006
5.5558e-006
4.87252e-006
4.43389e-006
4.87467e-006
5.12899e-006
4.34317e-006
3.65833e-006
3.62832e-006
3.87852e-006
4.11073e-006
3.96361e-006
3.3219e-006
2.7765e-006
2.49437e-006
2.34479e-006
2.39366e-006
2.32772e-006
2.30542e-006
2.84676e-006
3.28148e-006
3.23132e-006
3.39761e-006
3.59767e-006
3.8074e-006
3.956e-006
3.7492e-006
3.53788e-006
3.24512e-006
2.96875e-006
2.72288e-006
2.58782e-006
2.69217e-006
2.91073e-006
3.35352e-006
3.7201e-006
3.78589e-006
3.5375e-006
3.09551e-006
3.06134e-006
3.45913e-006
3.74158e-006
3.80886e-006
3.41134e-006
2.5134e-006
1.9146e-006
2.09088e-006
2.36428e-006
2.58307e-006
2.95417e-006
3.37202e-006
3.45054e-006
2.77377e-006
1.8107e-006
1.54478e-006
2.10291e-006
2.62892e-006
2.8129e-006
3.1367e-006
3.69824e-006
4.02862e-006
3.84628e-006
3.4917e-006
3.38988e-006
3.16971e-006
2.56699e-006
2.38691e-006
2.58262e-006
2.83175e-006
2.98746e-006
2.36431e-006
1.23599e-006
1.01122e-006
1.69874e-006
2.14617e-006
2.30548e-006
2.40954e-006
2.27445e-006
2.06972e-006
1.70659e-006
1.13972e-006
8.56988e-007
1.20226e-006
1.36897e-006
1.10688e-006
9.42162e-007
1.07571e-006
1.4119e-006
1.81769e-006
2.13834e-006
2.07401e-006
1.96512e-006
1.91362e-006
2.03453e-006
2.58064e-006
2.78952e-006
2.10466e-006
1.12529e-006
5.781e-007
3.4942e-007
6.13911e-007
1.40956e-006
2.28825e-006
2.60833e-006
2.30279e-006
1.80954e-006
1.61294e-006
1.78567e-006
2.12497e-006
2.15131e-006
1.06934e-006
-5.98916e-008
-1.82838e-007
4.40776e-007
1.09721e-006
1.32873e-006
9.53625e-007
4.24501e-007
2.96929e-007
1.13083e-007
-8.5389e-008
8.17474e-009
2.98308e-007
6.33382e-007
3.83631e-007
-3.25965e-007
-3.7328e-007
-1.44398e-007
-6.57459e-007
-1.40051e-006
-1.65063e-006
-1.23742e-006
-1.03228e-006
-1.63707e-006
-2.55868e-006
-3.0624e-006
-3.18863e-006
-3.41014e-006
-3.40851e-006
-2.94237e-006
-2.32553e-006
-2.20448e-006
-2.20675e-006
-1.74172e-006
-1.06345e-006
-4.84112e-007
1.10296e-007
-5.44728e-008
-1.50603e-006
-2.84378e-006
-3.0553e-006
-2.66724e-006
-2.70369e-006
-3.14253e-006
-3.63884e-006
-4.13198e-006
-4.243e-006
-3.44815e-006
-2.23878e-006
-1.66751e-006
-1.83735e-006
-2.45324e-006
-3.29105e-006
-3.76686e-006
-3.63293e-006
-3.17166e-006
-2.90329e-006
-3.2477e-006
-4.28899e-006
-5.36885e-006
-5.4244e-006
-5.23184e-006
-5.46167e-006
-5.2171e-006
-4.26285e-006
-3.62708e-006
-3.29294e-006
-2.60442e-006
-2.12447e-006
-2.63141e-006
-3.95711e-006
-4.98704e-006
-5.29821e-006
-4.73383e-006
-4.18502e-006
-4.57642e-006
-5.20454e-006
-5.1857e-006
-4.62484e-006
-4.38896e-006
-4.74145e-006
-5.06717e-006
-4.88538e-006
-4.53912e-006
-4.34584e-006
-4.38986e-006
-4.66567e-006
-5.26324e-006
-6.11108e-006
-6.39135e-006
-5.77492e-006
-5.38151e-006
-5.92907e-006
-6.94869e-006
-7.7616e-006
-7.85202e-006
-7.41066e-006
-6.94498e-006
-6.56517e-006
-6.45938e-006
-6.88308e-006
-7.14969e-006
-6.93363e-006
-6.83396e-006
-7.05987e-006
-7.72765e-006
-8.37287e-006
-8.71907e-006
-8.4684e-006
-7.68169e-006
-7.20336e-006
-7.50798e-006
-7.90587e-006
-7.77773e-006
-7.73632e-006

