ABR Group Header  ==================================
    Group Number: 0
         Records: 1
  SigGen File #1: DX
  SigGen File #2: 
      Subject ID:  
    Reference #1:  
    Reference #2:  
            Memo:  
      Start Time: Sun Jan 20 00:56
        End Time: Sun Jan 20 00:56
----------------------------------------------------

   Record Number: 0
   Aqu. Duration: 14.9914 ms
     Onset Delay: 0 ms
      No. Points: 366
    No. Averages: 2
   No. Artifacts: 0
      Start Time: Sun Jan 20 00:56

    SigGen Index: 90
       Variables: 
                  Freq = 16000 Hz
                  Level = 25 dB
                  Atten-A = 65 dB
                  Phase = 90 deg
                  Duration = 3 ms
                  GateTime = 1 ms
-2.91013e-006
-3.22606e-006
-3.38852e-006
-3.70664e-006
-3.6382e-006
-3.08562e-006
-2.6494e-006
-3.13556e-006
-4.0869e-006
-4.38642e-006
-3.60262e-006
-2.68889e-006
-2.98782e-006
-4.04702e-006
-4.47455e-006
-4.63131e-006
-4.86096e-006
-4.12528e-006
-2.85627e-006
-2.60388e-006
-3.74933e-006
-4.86599e-006
-4.7284e-006
-3.72059e-006
-3.10636e-006
-3.22956e-006
-3.41895e-006
-3.3913e-006
-3.33451e-006
-3.53479e-006
-3.54946e-006
-3.16967e-006
-2.88946e-006
-3.02144e-006
-3.62076e-006
-4.39725e-006
-5.07701e-006
-5.68682e-006
-5.60939e-006
-4.27163e-006
-2.56007e-006
-1.9831e-006
-2.63769e-006
-3.32465e-006
-3.36263e-006
-2.69886e-006
-2.30393e-006
-2.80795e-006
-3.5176e-006
-3.82415e-006
-3.3917e-006
-3.05221e-006
-3.2909e-006
-3.43278e-006
-3.1248e-006
-2.53979e-006
-2.31696e-006
-2.58292e-006
-3.13302e-006
-3.5116e-006
-3.3656e-006
-3.24482e-006
-3.37753e-006
-3.65878e-006
-3.98759e-006
-4.21957e-006
-4.20964e-006
-4.13902e-006
-4.17604e-006
-3.89494e-006
-3.35403e-006
-2.92514e-006
-2.64594e-006
-1.92991e-006
-9.69914e-007
-4.8001e-007
-6.38062e-007
-6.17171e-007
-2.13922e-007
-3.37217e-007
-1.23957e-006
-1.93765e-006
-1.42351e-006
-4.59314e-007
-2.73238e-007
-9.7787e-007
-1.83622e-006
-1.82732e-006
-1.38786e-006
-1.55844e-006
-1.52584e-006
-1.10347e-006
-9.292e-007
-1.18654e-006
-1.26951e-006
-8.22103e-007
-2.08008e-007
-2.66038e-008
-4.43349e-007
-6.97416e-007
-4.20128e-007
-4.06541e-007
-1.01267e-006
-1.64208e-006
-1.44188e-006
-7.30831e-007
-1.67929e-007
4.97546e-007
1.21196e-006
1.42273e-006
1.48954e-006
1.81952e-006
2.16964e-006
2.54139e-006
3.32366e-006
3.97868e-006
4.28203e-006
4.22907e-006
3.57797e-006
3.03501e-006
3.16534e-006
3.54144e-006
3.5582e-006
3.06885e-006
2.14494e-006
1.19106e-006
6.57881e-007
4.16948e-007
4.82779e-007
6.03819e-007
8.34067e-007
1.1202e-006
1.4282e-006
2.21482e-006
2.87765e-006
2.79005e-006
2.32986e-006
1.54448e-006
1.07528e-006
1.02409e-006
1.07217e-006
1.61285e-006
2.4577e-006
3.35737e-006
3.74112e-006
3.24332e-006
2.81464e-006
2.73452e-006
2.73056e-006
2.91433e-006
2.81713e-006
2.39197e-006
2.13282e-006
2.26453e-006
2.91061e-006
3.34333e-006
2.77854e-006
1.3969e-006
4.9461e-008
-4.61226e-007
-8.3056e-009
7.62585e-007
1.30306e-006
1.40357e-006
1.42705e-006
8.85515e-007
-8.00661e-008
-1.28597e-007
1.20421e-006
2.65333e-006
2.68943e-006
1.5595e-006
1.06527e-006
1.92963e-006
2.46493e-006
2.31753e-006
2.25299e-006
2.32755e-006
2.02552e-006
1.41917e-006
1.06578e-006
1.16759e-006
1.30676e-006
1.14763e-006
5.31654e-007
-2.05161e-007
-1.86194e-007
8.35199e-007
1.95622e-006
2.3171e-006
2.49645e-006
3.46097e-006
4.41099e-006
4.3294e-006
3.61202e-006
3.16947e-006
3.45046e-006
3.78722e-006
3.84638e-006
3.66133e-006
3.14924e-006
2.22666e-006
1.21386e-006
6.33428e-007
4.62121e-007
6.1723e-007
1.09527e-006
1.77141e-006
2.05866e-006
1.55396e-006
1.60164e-006
2.68596e-006
3.39799e-006
3.22286e-006
2.92411e-006
2.90247e-006
3.06825e-006
3.81315e-006
4.6803e-006
4.67337e-006
3.93356e-006
3.56332e-006
3.78763e-006
4.14517e-006
4.2527e-006
3.81312e-006
3.1107e-006
3.01226e-006
3.61287e-006
4.26514e-006
4.95988e-006
5.47846e-006
5.46861e-006
4.89342e-006
4.6608e-006
4.55064e-006
4.05357e-006
3.18512e-006
2.79817e-006
3.44084e-006
4.22466e-006
4.75008e-006
4.64242e-006
4.12439e-006
3.7686e-006
3.70855e-006
3.69451e-006
3.43563e-006
2.96261e-006
2.58597e-006
2.31397e-006
2.17833e-006
2.26533e-006
2.18078e-006
2.35538e-006
2.7109e-006
2.5162e-006
1.97862e-006
1.69399e-006
1.48441e-006
1.42474e-006
1.33016e-006
9.99634e-007
1.28809e-006
2.62295e-006
3.78185e-006
3.71572e-006
3.33091e-006
3.02562e-006
2.86915e-006
2.87079e-006
2.58734e-006
2.2455e-006
2.175e-006
1.68101e-006
1.14851e-006
1.3523e-006
1.53255e-006
8.38402e-007
1.15484e-007
1.90448e-007
4.46948e-007
4.4596e-007
1.32386e-007
-5.35697e-007
-1.33087e-006
-1.28968e-006
-3.60084e-007
1.42121e-007
-3.60209e-007
-1.33597e-006
-1.74558e-006
-1.58955e-006
-1.43334e-006
-1.07497e-006
-1.11881e-006
-1.89231e-006
-2.09192e-006
-1.45618e-006
-8.89104e-007
-6.5926e-007
-8.56315e-007
-1.38108e-006
-1.56193e-006
-1.60258e-006
-1.67592e-006
-1.71002e-006
-1.53109e-006
-1.22422e-006
-1.16476e-006
-1.43964e-006
-2.08016e-006
-2.68116e-006
-2.64335e-006
-2.24689e-006
-2.46605e-006
-2.72722e-006
-2.4636e-006
-2.02917e-006
-2.0233e-006
-2.86007e-006
-3.64154e-006
-3.47174e-006
-2.76226e-006
-2.41389e-006
-2.70585e-006
-3.1864e-006
-3.32131e-006
-2.83347e-006
-1.71815e-006
-8.41868e-007
-1.03849e-006
-2.12255e-006
-2.53201e-006
-1.49159e-006
-3.90818e-007
-6.79467e-007
-1.51762e-006
-1.73403e-006
-1.61484e-006
-1.19846e-006
-7.59512e-007
-7.07116e-007
-5.65165e-007
6.49659e-008
-4.24581e-008
-1.39341e-006
-2.3593e-006
-1.87759e-006
-6.24932e-007
-2.2318e-007
-1.09486e-006
-2.10399e-006
-2.64855e-006
-2.81646e-006
-2.72784e-006
-2.35437e-006
-1.78097e-006
-1.35539e-006
-1.22544e-006
-1.33804e-006
-1.35389e-006
-1.60162e-006
-1.90173e-006
-1.59658e-006
-8.55417e-007

