ABR Group Header  ==================================
    Group Number: 1
         Records: 8
  SigGen File #1: DX
  SigGen File #2: 
      Subject ID: NO.4357
    Reference #1: 8d
    Reference #2: 5W
            Memo: 17.0g
      Start Time: Mon Dec 24 13:39
        End Time: Mon Dec 24 13:39
----------------------------------------------------

   Record Number: 103
   Aqu. Duration: 14.9914 ms
     Onset Delay: 0 ms
      No. Points: 366
    No. Averages: 2
   No. Artifacts: 0
      Start Time: Mon Dec 24 13:39

    SigGen Index: 20
       Variables: 
                  Freq = 32000 Hz
                  Level = 90 dB
                  Atten-A = 0 dB
                  Phase = 90 deg
                  Duration = 3 ms
                  GateTime = 1 ms
9.78509e-007
1.24724e-006
1.29714e-006
1.55216e-006
2.26388e-006
2.6909e-006
2.18016e-006
1.56229e-006
1.7537e-006
1.94264e-006
1.37853e-006
8.05503e-007
8.74038e-007
1.23431e-006
1.27583e-006
9.49075e-007
9.62015e-007
1.23639e-006
1.01068e-006
6.68307e-007
5.91744e-007
7.16549e-007
1.65141e-006
2.58531e-006
2.69833e-006
2.68198e-006
2.5344e-006
2.39625e-006
2.02486e-006
1.10947e-006
2.66977e-007
5.70098e-007
1.45333e-006
1.99427e-006
2.39829e-006
2.43219e-006
2.10094e-006
1.97091e-006
2.21721e-006
2.41373e-006
2.53141e-006
2.61599e-006
2.29828e-006
1.81109e-006
1.38385e-006
1.08311e-006
1.52402e-006
2.37691e-006
2.8415e-006
2.5752e-006
2.19657e-006
1.8664e-006
1.67953e-006
1.81001e-006
2.61055e-006
3.61506e-006
3.53669e-006
2.67035e-006
2.04886e-006
1.54418e-006
9.61539e-007
2.96905e-007
6.32688e-008
3.54515e-007
1.11525e-006
1.71287e-006
1.69855e-006
1.24559e-006
6.05224e-007
3.9008e-007
7.61661e-007
8.31007e-007
3.41271e-007
2.51021e-007
5.59895e-007
5.17103e-007
1.77874e-007
-3.02063e-007
-6.38465e-007
-4.1573e-007
2.74275e-007
6.75442e-007
5.35309e-007
1.46372e-008
-3.15332e-007
-1.64666e-007
1.93181e-007
3.56725e-007
4.50717e-007
5.99341e-007
5.71842e-007
3.93632e-007
3.52694e-007
1.77966e-007
-3.20188e-007
-6.65727e-007
-7.17058e-007
-5.52692e-007
-1.03524e-007
1.91991e-007
9.39039e-008
2.24354e-007
6.19826e-007
7.97112e-007
7.60727e-007
1.3546e-006
2.40811e-006
3.07193e-006
3.26428e-006
3.27686e-006
3.0774e-006
2.40511e-006
1.75831e-006
1.36556e-006
1.04984e-006
7.2374e-007
3.17501e-007
-6.79308e-007
-1.85832e-006
-2.32453e-006
-2.16999e-006
-1.93121e-006
-1.2527e-006
-2.5273e-007
3.81936e-007
5.99517e-007
7.02209e-007
8.50747e-007
5.39344e-007
-1.79491e-008
-1.57546e-007
-1.19096e-007
2.80186e-007
8.94339e-007
1.15407e-006
7.66123e-007
3.00929e-007
2.34743e-008
9.81501e-008
3.49971e-007
5.01784e-007
6.63926e-007
5.7465e-007
-2.22183e-007
-1.18767e-006
-1.37753e-006
-6.29047e-007
1.84369e-007
2.96564e-007
-2.77239e-008
-2.89548e-007
-4.64527e-007
-6.59956e-007
-4.94727e-007
-1.2064e-007
-8.51481e-009
-3.81615e-007
-9.24923e-007
-1.37617e-006
-1.91614e-006
-2.14951e-006
-1.6767e-006
-1.46234e-006
-1.64211e-006
-1.79564e-006
-2.01836e-006
-2.21443e-006
-2.30687e-006
-2.06986e-006
-1.4991e-006
-1.12768e-006
-1.09298e-006
-7.20707e-007
-1.85602e-007
2.36544e-007
2.53855e-007
-4.25077e-007
-1.20493e-006
-1.19082e-006
-4.27469e-007
1.07301e-007
2.22671e-007
1.10054e-006
2.05801e-006
2.14551e-006
1.69598e-006
1.24825e-006
6.89336e-007
6.00886e-007
1.13359e-006
1.85357e-006
2.1656e-006
2.05593e-006
1.46278e-006
1.00716e-006
1.39697e-006
2.24097e-006
2.58246e-006
2.62769e-006
2.75105e-006
2.81701e-006
2.85496e-006
3.04383e-006
3.1194e-006
2.76965e-006
2.52993e-006
2.80992e-006
3.38072e-006
3.89849e-006
3.95472e-006
3.92897e-006
4.35292e-006
4.64193e-006
4.6274e-006
5.34274e-006
6.52979e-006
6.78194e-006
6.09671e-006
5.54442e-006
5.34871e-006
4.98501e-006
4.68571e-006
4.9455e-006
5.11942e-006
4.21295e-006
3.09962e-006
3.13934e-006
3.63319e-006
3.51619e-006
2.9445e-006
1.8743e-006
8.65234e-007
6.94019e-007
1.66786e-006
3.0439e-006
3.85595e-006
3.80115e-006
3.284e-006
3.32943e-006
4.06044e-006
4.47173e-006
4.62438e-006
4.739e-006
4.99251e-006
5.34453e-006
5.29721e-006
5.01465e-006
4.8547e-006
4.77994e-006
4.57909e-006
4.0757e-006
3.72498e-006
3.76757e-006
3.62737e-006
3.10209e-006
2.31726e-006
1.61943e-006
1.26077e-006
9.29298e-007
5.0705e-007
1.84418e-008
-6.56084e-007
-1.39694e-006
-2.14734e-006
-2.5252e-006
-2.57242e-006
-2.9829e-006
-3.39548e-006
-3.26913e-006
-3.20154e-006
-3.99031e-006
-5.24628e-006
-6.84368e-006
-8.24134e-006
-8.63237e-006
-8.05692e-006
-7.46482e-006
-7.5508e-006
-8.44048e-006
-9.67914e-006
-1.0694e-005
-1.12636e-005
-1.1571e-005
-1.21253e-005
-1.29685e-005
-1.41342e-005
-1.53683e-005
-1.58853e-005
-1.5608e-005
-1.48231e-005
-1.45915e-005
-1.49463e-005
-1.51723e-005
-1.51768e-005
-1.60393e-005
-1.7494e-005
-1.81574e-005
-1.83779e-005
-1.86896e-005
-1.87563e-005
-1.85839e-005
-1.81961e-005
-1.75113e-005
-1.65131e-005
-1.5424e-005
-1.48267e-005
-1.49039e-005
-1.51714e-005
-1.52688e-005
-1.51967e-005
-1.50838e-005
-1.50176e-005
-1.52072e-005
-1.59074e-005
-1.64824e-005
-1.65599e-005
-1.66133e-005
-1.67961e-005
-1.72825e-005
-1.79107e-005
-1.86374e-005
-1.90213e-005
-1.88496e-005
-1.83313e-005
-1.80884e-005
-1.79264e-005
-1.81241e-005
-1.86433e-005
-1.83824e-005
-1.73709e-005
-1.6327e-005
-1.53658e-005
-1.48309e-005
-1.43421e-005
-1.36082e-005
-1.19673e-005
-9.34593e-006
-6.1769e-006
-3.18748e-006
-8.00594e-007
1.26483e-006
3.54274e-006
6.34352e-006
9.3161e-006
1.18386e-005
1.34685e-005
1.42631e-005
1.47754e-005
1.59519e-005
1.80657e-005
2.00701e-005
2.14777e-005
2.30368e-005
2.53265e-005
2.74209e-005
2.82889e-005
2.89428e-005
3.10764e-005
3.39117e-005
3.63114e-005
3.85109e-005
4.05558e-005
4.23007e-005
4.39906e-005
4.58636e-005
4.81442e-005

   Record Number: 104
   Aqu. Duration: 14.9914 ms
     Onset Delay: 0 ms
      No. Points: 366
    No. Averages: 2
   No. Artifacts: 0
      Start Time: Mon Dec 24 13:39

    SigGen Index: 20
       Variables: 
                  Freq = 32000 Hz
                  Level = 90 dB
                  Atten-A = 0 dB
                  Phase = 90 deg
                  Duration = 3 ms
                  GateTime = 1 ms
-3.19458e-006
-2.74925e-006
-1.93413e-006
-1.47326e-006
-1.71187e-006
-2.28972e-006
-2.27393e-006
-1.46607e-006
-5.38363e-007
-1.05504e-007
2.5049e-007
6.09852e-007
8.14337e-007
1.04229e-006
1.26206e-006
8.17751e-007
1.3778e-007
4.48176e-007
1.42871e-006
1.91913e-006
2.15824e-006
2.33638e-006
2.32114e-006
1.79875e-006
1.16767e-006
1.28661e-006
2.21247e-006
3.2307e-006
3.84361e-006
4.09848e-006
4.17737e-006
3.70999e-006
2.71061e-006
1.84478e-006
9.66541e-007
-1.83728e-008
-4.82795e-007
-6.19049e-008
4.1484e-007
-7.73477e-008
-9.62836e-007
-1.71557e-006
-2.20968e-006
-2.07476e-006
-2.05651e-006
-2.32159e-006
-2.66934e-006
-2.77685e-006
-2.34591e-006
-1.61456e-006
-1.20625e-006
-1.67028e-006
-2.75298e-006
-3.37736e-006
-2.69323e-006
-1.45469e-006
-7.09482e-007
-2.84302e-007
-4.3931e-007
-1.29446e-006
-2.37285e-006
-3.31752e-006
-3.69519e-006
-3.58684e-006
-3.3161e-006
-3.3132e-006
-3.26802e-006
-2.37311e-006
-1.2712e-006
-7.74531e-007
-5.17185e-007
6.3542e-008
4.06081e-007
1.77782e-007
-1.4169e-007
-1.12528e-007
-2.88345e-007
-9.04006e-007
-1.25944e-006
-7.02824e-007
2.59936e-007
4.5671e-007
-1.55207e-007
-8.84131e-007
-1.30532e-006
-1.9755e-006
-2.75223e-006
-3.45745e-006
-4.3814e-006
-4.72545e-006
-4.12091e-006
-3.08886e-006
-2.28896e-006
-2.65035e-006
-3.41877e-006
-3.69714e-006
-3.63539e-006
-3.33874e-006
-2.44979e-006
-1.70973e-006
-1.91417e-006
-2.77259e-006
-3.54641e-006
-3.49202e-006
-2.48457e-006
-1.44106e-006
-1.44685e-006
-2.0844e-006
-2.07295e-006
-1.74706e-006
-1.83501e-006
-2.07277e-006
-1.65364e-006
-8.14039e-007
-4.53471e-007
-2.16694e-007
1.97349e-007
5.21216e-007
6.12885e-007
8.83663e-007
1.14873e-006
1.30499e-006
2.30111e-006
3.97542e-006
4.77558e-006
4.2336e-006
3.83544e-006
3.88866e-006
3.56134e-006
2.85371e-006
2.31571e-006
2.16052e-006
1.92097e-006
1.34275e-006
4.81555e-007
-4.89398e-007
-5.97307e-007
3.63276e-007
8.94559e-007
7.17391e-007
4.07101e-007
-2.54363e-007
-1.12396e-006
-1.76946e-006
-1.74689e-006
-9.90939e-007
-1.94605e-007
4.28778e-008
-6.23627e-007
-1.46579e-006
-1.46602e-006
-8.30032e-007
-6.17715e-007
-9.77739e-007
-1.28105e-006
-1.2862e-006
-1.11703e-006
-8.5057e-007
-5.22958e-007
-7.03367e-008
3.92696e-007
7.23303e-007
1.35944e-006
2.16786e-006
2.59393e-006
2.73517e-006
3.09299e-006
3.82235e-006
4.35612e-006
3.82709e-006
2.36133e-006
1.11251e-006
7.42631e-007
9.26761e-007
6.60168e-007
-3.34244e-008
-4.20675e-007
-7.24784e-007
-1.12261e-006
-1.06678e-006
-1.0357e-006
-1.78014e-006
-2.60269e-006
-2.19055e-006
-1.03205e-006
-7.70456e-007
-1.60009e-006
-2.47748e-006
-2.64356e-006
-2.1844e-006
-1.78323e-006
-2.05267e-006
-2.47789e-006
-2.33537e-006
-1.9087e-006
-1.71455e-006
-2.03431e-006
-2.40376e-006
-2.57659e-006
-2.49646e-006
-2.48344e-006
-2.68527e-006
-2.64056e-006
-2.77301e-006
-2.73238e-006
-1.96075e-006
-1.19356e-006
-1.40505e-006
-2.70199e-006
-4.02197e-006
-4.03416e-006
-2.90175e-006
-1.65626e-006
-9.30156e-007
-1.26083e-006
-2.14039e-006
-2.42692e-006
-2.08629e-006
-1.4174e-006
-8.16783e-007
-5.15873e-007
-6.97018e-007
-1.18936e-006
-2.11323e-006
-3.11859e-006
-3.60312e-006
-3.57798e-006
-3.1192e-006
-2.11472e-006
-8.63677e-007
8.2215e-008
4.54668e-007
6.48916e-007
7.06015e-007
5.23085e-007
9.41507e-008
-4.149e-007
-6.75468e-007
-9.80473e-007
-1.62561e-006
-2.22867e-006
-1.88174e-006
-8.86824e-007
-6.77527e-007
-1.47005e-006
-2.14326e-006
-2.56938e-006
-2.72697e-006
-2.63743e-006
-2.33272e-006
-1.76894e-006
-8.63292e-007
-1.29635e-007
-4.0749e-007
-1.13866e-006
-1.22734e-006
-5.89045e-007
1.42159e-007
3.99047e-007
3.85951e-007
5.53709e-007
6.205e-007
3.47942e-007
2.73918e-007
9.97902e-007
1.99888e-006
2.19836e-006
1.65921e-006
1.46315e-006
2.04062e-006
3.25621e-006
3.97752e-006
3.83677e-006
3.90559e-006
4.72335e-006
5.23929e-006
5.03663e-006
4.76694e-006
4.68611e-006
4.57238e-006
4.42208e-006
4.08073e-006
3.89089e-006
4.13314e-006
4.54451e-006
4.42005e-006
3.77283e-006
3.16938e-006
2.91363e-006
2.58865e-006
2.17009e-006
2.07577e-006
2.05885e-006
1.29995e-006
6.73664e-007
1.14042e-006
1.85473e-006
1.89979e-006
1.98907e-006
2.24035e-006
2.28444e-006
1.9246e-006
1.56085e-006
1.65614e-006
2.03175e-006
1.63697e-006
1.09161e-007
-1.07801e-006
-7.13661e-007
3.21036e-007
6.87969e-007
8.15366e-007
1.42221e-006
2.1562e-006
2.7253e-006
3.20234e-006
3.3676e-006
3.22524e-006
3.51309e-006
4.01416e-006
4.20856e-006
3.68872e-006
2.79565e-006
2.36986e-006
2.16098e-006
1.57992e-006
1.27996e-006
1.51379e-006
1.32605e-006
2.93748e-007
-5.692e-007
-8.49301e-007
-1.0451e-006
-1.17531e-006
-9.08328e-007
-4.24122e-007
-2.14391e-007
-1.29838e-007
2.13756e-008
9.5712e-009
-4.4005e-007
-1.08943e-006
-1.38815e-006
-1.31414e-006
-1.25483e-006
-1.37809e-006
-1.48107e-006
-1.33469e-006
-6.28848e-007
1.73052e-007
4.60341e-007
3.4317e-007
3.47947e-007
7.25832e-007
1.15472e-006
1.48183e-006
1.60287e-006
1.73292e-006
2.70699e-006
3.75339e-006
4.34106e-006
4.96967e-006
5.43632e-006
5.23453e-006
4.66839e-006
4.07027e-006

   Record Number: 105
   Aqu. Duration: 14.9914 ms
     Onset Delay: 0 ms
      No. Points: 366
    No. Averages: 2
   No. Artifacts: 0
      Start Time: Mon Dec 24 13:39

    SigGen Index: 20
       Variables: 
                  Freq = 32000 Hz
                  Level = 90 dB
                  Atten-A = 0 dB
                  Phase = 90 deg
                  Duration = 3 ms
                  GateTime = 1 ms
-2.11459e-005
-2.21625e-005
-2.293e-005
-2.33214e-005
-2.35867e-005
-2.38567e-005
-2.41321e-005
-2.40096e-005
-2.34109e-005
-2.28952e-005
-2.24821e-005
-2.21552e-005
-2.20269e-005
-2.243e-005
-2.28248e-005
-2.22097e-005
-2.04443e-005
-1.86205e-005
-1.72995e-005
-1.54461e-005
-1.24916e-005
-9.21794e-006
-6.75799e-006
-4.92211e-006
-2.81242e-006
-2.56444e-007
2.37394e-006
4.8154e-006
7.19458e-006
9.57738e-006
1.18159e-005
1.37484e-005
1.55036e-005
1.66101e-005
1.73915e-005
1.8652e-005
2.02818e-005
2.15621e-005
2.22965e-005
2.25546e-005
2.33859e-005
2.5617e-005
2.88183e-005
3.19586e-005
3.45076e-005
3.6784e-005
3.91271e-005
4.10997e-005
4.30014e-005
4.48977e-005
4.67974e-005
4.89567e-005
5.13193e-005
5.39294e-005
5.636e-005
5.78905e-005
5.89314e-005
5.997e-005
6.09135e-005
6.20967e-005
6.30462e-005
6.27874e-005
6.09963e-005
5.86126e-005
5.64796e-005
5.44332e-005
5.2351e-005
4.99428e-005
4.7454e-005
4.53154e-005
4.37094e-005
4.2498e-005
4.1169e-005
3.95359e-005
3.7519e-005
3.50477e-005
3.25925e-005
3.07666e-005
2.9344e-005
2.80813e-005
2.70498e-005
2.63415e-005
2.57766e-005
2.53331e-005
2.46221e-005
2.35821e-005
2.29698e-005
2.31086e-005
2.34865e-005
2.37933e-005
2.43097e-005
2.46738e-005
2.42802e-005
2.34577e-005
2.24543e-005
2.19393e-005
2.2695e-005
2.38248e-005
2.48472e-005
2.59886e-005
2.63226e-005
2.54653e-005
2.43149e-005
2.37432e-005
2.39114e-005
2.46498e-005
2.52814e-005
2.53555e-005
2.54118e-005
2.59082e-005
2.60234e-005
2.53861e-005
2.46015e-005
2.35766e-005
2.19728e-005
2.06485e-005
1.98063e-005
1.84766e-005
1.60393e-005
1.39287e-005
1.37852e-005
1.44982e-005
1.4063e-005
1.25763e-005
1.13334e-005
1.07933e-005
1.07054e-005
1.00497e-005
8.74419e-006
7.57291e-006
6.94494e-006
6.37766e-006
5.37353e-006
4.00295e-006
2.57315e-006
1.4956e-006
6.73294e-007
-4.76008e-007
-2.19211e-006
-4.45872e-006
-6.81552e-006
-8.55387e-006
-9.86212e-006
-1.0955e-005
-1.18728e-005
-1.32902e-005
-1.52682e-005
-1.6946e-005
-1.81521e-005
-1.92894e-005
-2.05386e-005
-2.18081e-005
-2.37768e-005
-2.6545e-005
-2.85828e-005
-2.94341e-005
-3.02766e-005
-3.15524e-005
-3.29961e-005
-3.41098e-005
-3.49065e-005
-3.53354e-005
-3.58381e-005
-3.70834e-005
-3.8308e-005
-3.8947e-005
-3.94548e-005
-4.0092e-005
-4.10047e-005
-4.23967e-005
-4.43467e-005
-4.63598e-005
-4.77573e-005
-4.85069e-005
-4.86452e-005
-4.85145e-005
-4.84141e-005
-4.85037e-005
-4.93379e-005
-5.00004e-005
-5.00027e-005
-4.97116e-005
-4.9375e-005
-4.87219e-005
-4.79529e-005
-4.77269e-005
-4.74272e-005
-4.68617e-005
-4.58712e-005
-4.45063e-005
-4.3601e-005
-4.3346e-005
-4.28473e-005
-4.13783e-005
-3.93694e-005
-3.81692e-005
-3.8043e-005
-3.76855e-005
-3.62837e-005
-3.4802e-005
-3.38672e-005
-3.29597e-005
-3.16106e-005
-3.02111e-005
-2.93165e-005
-2.89315e-005
-2.81878e-005
-2.69966e-005
-2.61556e-005
-2.5513e-005
-2.43978e-005
-2.30357e-005
-2.22444e-005
-2.1594e-005
-2.05059e-005
-1.91798e-005
-1.78696e-005
-1.66349e-005
-1.53046e-005
-1.3912e-005
-1.25245e-005
-1.10204e-005
-9.09555e-006
-7.1688e-006
-5.85758e-006
-5.2757e-006
-4.89627e-006
-4.33767e-006
-4.00057e-006
-3.88511e-006
-3.06176e-006
-1.5929e-006
-4.89956e-007
-1.32157e-007
2.02291e-007
5.08684e-007
6.50349e-007
1.36563e-006
2.41101e-006
2.90329e-006
3.13804e-006
4.03006e-006
5.23917e-006
5.92562e-006
5.97552e-006
5.89911e-006
6.35728e-006
6.96706e-006
7.15051e-006
6.95211e-006
6.61028e-006
6.56924e-006
6.76986e-006
6.48802e-006
5.61872e-006
5.26922e-006
5.56093e-006
5.66879e-006
5.47092e-006
5.31034e-006
4.66845e-006
3.30174e-006
1.87584e-006
9.37185e-007
5.07695e-007
-4.46413e-008
-9.92799e-007
-1.56077e-006
-1.47508e-006
-1.29139e-006
-1.18601e-006
-1.53393e-006
-1.95868e-006
-2.12856e-006
-2.66742e-006
-4.17129e-006
-5.25725e-006
-5.38944e-006
-5.51494e-006
-5.98988e-006
-6.2528e-006
-5.95191e-006
-5.26071e-006
-4.59339e-006
-4.34807e-006
-4.64807e-006
-5.49903e-006
-6.49538e-006
-6.8337e-006
-6.37849e-006
-5.91407e-006
-6.31109e-006
-7.18679e-006
-7.60001e-006
-7.8898e-006
-8.38827e-006
-8.60439e-006
-8.93872e-006
-8.93563e-006
-8.43205e-006
-8.46927e-006
-9.0902e-006
-9.33862e-006
-8.86116e-006
-8.22647e-006
-8.03792e-006
-8.67137e-006
-9.61306e-006
-1.00738e-005
-9.89893e-006
-9.21348e-006
-8.61703e-006
-7.97265e-006
-7.11418e-006
-6.59026e-006
-6.53559e-006
-6.49822e-006
-6.1246e-006
-5.71744e-006
-5.28525e-006
-4.98609e-006
-4.92763e-006
-4.34727e-006
-3.0035e-006
-1.92757e-006
-1.77949e-006
-1.98991e-006
-1.44234e-006
-2.89518e-007
9.80758e-007
2.27058e-006
3.31182e-006
3.61621e-006
3.29555e-006
3.25852e-006
3.18165e-006
2.95458e-006
3.63665e-006
5.14142e-006
6.27281e-006
6.70837e-006
6.68014e-006
6.87586e-006
7.64731e-006
8.82207e-006
9.4598e-006
9.40753e-006
9.11777e-006
8.9875e-006
8.78389e-006
8.83405e-006
9.67534e-006
1.05218e-005
1.06111e-005
1.06906e-005
1.12025e-005
1.16539e-005
1.21958e-005
1.26832e-005
1.2976e-005
1.27928e-005
1.22827e-005
1.18704e-005
1.1854e-005
1.23289e-005
1.28422e-005

   Record Number: 106
   Aqu. Duration: 14.9914 ms
     Onset Delay: 0 ms
      No. Points: 366
    No. Averages: 2
   No. Artifacts: 0
      Start Time: Mon Dec 24 13:39

    SigGen Index: 20
       Variables: 
                  Freq = 32000 Hz
                  Level = 90 dB
                  Atten-A = 0 dB
                  Phase = 90 deg
                  Duration = 3 ms
                  GateTime = 1 ms
-4.29404e-006
-4.75108e-006
-4.74668e-006
-4.54953e-006
-4.70023e-006
-4.47172e-006
-3.58109e-006
-2.5284e-006
-1.82221e-006
-2.31301e-006
-3.52582e-006
-4.37625e-006
-4.57163e-006
-4.2228e-006
-3.59986e-006
-3.10773e-006
-2.89878e-006
-2.54061e-006
-2.17292e-006
-1.8329e-006
-1.86642e-006
-2.94702e-006
-4.33845e-006
-4.98512e-006
-4.89777e-006
-3.96126e-006
-3.17648e-006
-3.3856e-006
-3.80944e-006
-4.14962e-006
-4.3567e-006
-4.38802e-006
-4.70742e-006
-5.35738e-006
-5.7684e-006
-5.86862e-006
-5.7645e-006
-5.7017e-006
-5.56753e-006
-4.85297e-006
-3.83843e-006
-3.47666e-006
-3.45052e-006
-3.66635e-006
-4.47845e-006
-5.63667e-006
-6.30692e-006
-6.37712e-006
-6.11243e-006
-5.12363e-006
-3.85252e-006
-3.76488e-006
-4.56321e-006
-4.76238e-006
-4.22233e-006
-3.73556e-006
-3.55279e-006
-3.70337e-006
-4.00159e-006
-4.40743e-006
-4.79426e-006
-5.27095e-006
-5.92051e-006
-6.5794e-006
-7.02902e-006
-7.27044e-006
-7.21562e-006
-6.87121e-006
-6.5246e-006
-6.30952e-006
-5.98441e-006
-5.65937e-006
-6.03302e-006
-6.78925e-006
-6.92149e-006
-6.00015e-006
-4.68587e-006
-3.67364e-006
-3.16398e-006
-3.39963e-006
-3.70997e-006
-3.88548e-006
-4.14804e-006
-4.50058e-006
-4.64721e-006
-4.59851e-006
-4.36404e-006
-4.27823e-006
-4.81093e-006
-5.22594e-006
-4.82665e-006
-4.29163e-006
-3.41053e-006
-2.39093e-006
-2.19728e-006
-2.90398e-006
-3.71498e-006
-4.12557e-006
-3.77891e-006
-2.97093e-006
-2.65721e-006
-3.07722e-006
-3.13854e-006
-2.33813e-006
-1.3559e-006
-1.04617e-006
-1.50883e-006
-1.6507e-006
-9.43375e-007
-4.00245e-007
-8.52325e-007
-1.85137e-006
-2.31107e-006
-2.25734e-006
-1.60634e-006
-7.19084e-007
-3.65313e-007
-4.26495e-007
-3.18818e-007
1.11513e-007
1.98562e-007
1.77489e-008
3.03304e-007
1.00363e-006
1.58882e-006
1.79612e-006
1.97363e-006
2.19176e-006
2.1286e-006
2.02429e-006
2.44904e-006
2.82076e-006
2.75803e-006
2.51455e-006
2.50476e-006
2.84864e-006
3.1219e-006
2.81342e-006
2.11171e-006
1.10039e-006
1.64861e-007
-1.771e-007
-3.07516e-007
-1.03773e-006
-2.34072e-006
-3.19281e-006
-2.83489e-006
-1.28983e-006
-3.0242e-008
-2.30843e-007
-1.10964e-006
-1.15764e-006
-9.33288e-007
-6.71657e-007
-4.22442e-007
-1.73483e-007
-1.15887e-007
-3.34039e-008
6.04802e-007
1.40759e-006
1.41407e-006
8.91638e-007
1.0115e-006
1.48426e-006
1.63785e-006
1.97027e-006
2.41358e-006
2.64229e-006
2.34627e-006
2.02288e-006
2.05668e-006
2.00444e-006
1.98313e-006
1.89332e-006
1.58587e-006
1.39953e-006
1.75257e-006
2.48417e-006
3.05545e-006
3.22286e-006
3.14107e-006
2.95286e-006
2.86052e-006
3.27869e-006
3.96077e-006
4.73384e-006
5.43356e-006
5.56603e-006
5.14107e-006
5.154e-006
5.89582e-006
6.57306e-006
6.65187e-006
6.28797e-006
6.11391e-006
6.53824e-006
6.79185e-006
6.22891e-006
5.31734e-006
4.80341e-006
4.53423e-006
3.85535e-006
3.22606e-006
3.23387e-006
3.77327e-006
4.46319e-006
4.76398e-006
4.76589e-006
4.31892e-006
3.32496e-006
2.75282e-006
3.07313e-006
3.85874e-006
4.39957e-006
4.65685e-006
4.83543e-006
4.57717e-006
4.16754e-006
4.12904e-006
4.35147e-006
4.49164e-006
4.19259e-006
3.45028e-006
2.80951e-006
2.73055e-006
3.03908e-006
3.68235e-006
5.17645e-006
6.69677e-006
6.85184e-006
5.74872e-006
4.54407e-006
4.18209e-006
4.39127e-006
4.23092e-006
3.62384e-006
2.9883e-006
2.43109e-006
2.32779e-006
3.31832e-006
4.17414e-006
4.14056e-006
3.9373e-006
4.11901e-006
4.63979e-006
4.97922e-006
5.13305e-006
5.27516e-006
5.73497e-006
6.00675e-006
5.13065e-006
3.82493e-006
3.40421e-006
3.77968e-006
4.13709e-006
4.39228e-006
4.6225e-006
4.46027e-006
3.31015e-006
2.42428e-006
3.39836e-006
4.87617e-006
5.08601e-006
4.44409e-006
3.81611e-006
3.4741e-006
3.31821e-006
2.99981e-006
2.91536e-006
3.77146e-006
4.94139e-006
5.52332e-006
5.19291e-006
4.33582e-006
3.42715e-006
3.17179e-006
3.94199e-006
5.05937e-006
5.45029e-006
4.90624e-006
3.98391e-006
3.36071e-006
3.0344e-006
2.85846e-006
3.03697e-006
3.66786e-006
4.07097e-006
3.8112e-006
3.53642e-006
3.24619e-006
2.49669e-006
1.66928e-006
1.58364e-006
1.91279e-006
2.64986e-006
3.74923e-006
4.17688e-006
3.96615e-006
3.82368e-006
3.59626e-006
2.86483e-006
2.49472e-006
2.47947e-006
2.21162e-006
1.97981e-006
2.48069e-006
2.98453e-006
2.66553e-006
2.27889e-006
2.41374e-006
2.64258e-006
2.27249e-006
1.60917e-006
1.17753e-006
1.05264e-006
9.94759e-007
1.03533e-006
1.37241e-006
1.29143e-006
2.8373e-007
-1.2515e-006
-2.22444e-006
-1.71114e-006
-1.09191e-006
-6.92547e-007
-2.66013e-007
-3.5742e-007
-7.46055e-007
-6.0472e-007
-1.67338e-007
-5.33624e-007
-1.49453e-006
-1.81134e-006
-1.47316e-006
-1.15868e-006
-1.05891e-006
-1.47472e-006
-2.33678e-006
-2.46086e-006
-1.64441e-006
-1.51366e-006
-2.11236e-006
-2.69382e-006
-3.23202e-006
-3.81462e-006
-4.40781e-006
-4.27714e-006
-3.42993e-006
-3.03908e-006
-3.52094e-006
-4.08715e-006
-4.19404e-006
-4.20974e-006
-4.73824e-006
-5.63719e-006
-6.00491e-006
-5.05111e-006
-3.76247e-006
-3.59358e-006
-4.49832e-006
-5.27931e-006
-5.35656e-006
-4.94696e-006
-4.36232e-006
-4.08966e-006
-4.05399e-006

   Record Number: 107
   Aqu. Duration: 14.9914 ms
     Onset Delay: 0 ms
      No. Points: 366
    No. Averages: 2
   No. Artifacts: 0
      Start Time: Mon Dec 24 13:39

    SigGen Index: 20
       Variables: 
                  Freq = 32000 Hz
                  Level = 90 dB
                  Atten-A = 0 dB
                  Phase = 90 deg
                  Duration = 3 ms
                  GateTime = 1 ms
3.53994e-006
2.47705e-006
2.01598e-006
1.77755e-006
9.39386e-007
-5.66942e-008
-8.03657e-007
-1.38122e-006
-1.49004e-006
-1.25419e-006
-1.56166e-006
-1.99308e-006
-1.92498e-006
-2.02431e-006
-2.67704e-006
-3.30102e-006
-3.74858e-006
-4.07318e-006
-4.21226e-006
-4.74551e-006
-5.77864e-006
-7.20062e-006
-8.14384e-006
-8.28768e-006
-8.37053e-006
-8.48158e-006
-8.26541e-006
-8.44422e-006
-9.17693e-006
-9.93453e-006
-1.06677e-005
-1.14729e-005
-1.19041e-005
-1.17796e-005
-1.22891e-005
-1.38262e-005
-1.50839e-005
-1.51154e-005
-1.47365e-005
-1.5048e-005
-1.61406e-005
-1.71529e-005
-1.79593e-005
-1.89394e-005
-1.94744e-005
-1.89119e-005
-1.78393e-005
-1.71341e-005
-1.72811e-005
-1.81596e-005
-1.87423e-005
-1.83864e-005
-1.77617e-005
-1.73253e-005
-1.72638e-005
-1.7501e-005
-1.72778e-005
-1.66162e-005
-1.62638e-005
-1.65907e-005
-1.72483e-005
-1.7598e-005
-1.7679e-005
-1.76635e-005
-1.73975e-005
-1.67319e-005
-1.64768e-005
-1.66435e-005
-1.69751e-005
-1.77448e-005
-1.93582e-005
-2.0932e-005
-2.15526e-005
-2.1704e-005
-2.1366e-005
-2.08705e-005
-2.06657e-005
-2.0487e-005
-2.05458e-005
-2.06522e-005
-1.99171e-005
-1.85216e-005
-1.77834e-005
-1.86093e-005
-1.95389e-005
-1.84684e-005
-1.59596e-005
-1.43947e-005
-1.40711e-005
-1.29189e-005
-1.00283e-005
-6.89327e-006
-4.70511e-006
-3.19521e-006
-1.58173e-006
8.38421e-007
4.56052e-006
8.33614e-006
1.10543e-005
1.34668e-005
1.58239e-005
1.71649e-005
1.74433e-005
1.76854e-005
1.87838e-005
2.02799e-005
2.16695e-005
2.31044e-005
2.44293e-005
2.56618e-005
2.71194e-005
2.90468e-005
3.12907e-005
3.33255e-005
3.53762e-005
3.79552e-005
4.05046e-005
4.27409e-005
4.4742e-005
4.67905e-005
4.88836e-005
5.04596e-005
5.12341e-005
5.20043e-005
5.3257e-005
5.39669e-005
5.42336e-005
5.4775e-005
5.54278e-005
5.61399e-005
5.67481e-005
5.69802e-005
5.74389e-005
5.79007e-005
5.77169e-005
5.65896e-005
5.50595e-005
5.37835e-005
5.23717e-005
5.0296e-005
4.78143e-005
4.52317e-005
4.30445e-005
4.09362e-005
3.86261e-005
3.66167e-005
3.49003e-005
3.36217e-005
3.2754e-005
3.14613e-005
3.0007e-005
2.9067e-005
2.88288e-005
2.87607e-005
2.79328e-005
2.65877e-005
2.58616e-005
2.58911e-005
2.59605e-005
2.58786e-005
2.5737e-005
2.49462e-005
2.42123e-005
2.43148e-005
2.43319e-005
2.3513e-005
2.26488e-005
2.26632e-005
2.3597e-005
2.46542e-005
2.51569e-005
2.52306e-005
2.51642e-005
2.47526e-005
2.39661e-005
2.35905e-005
2.36826e-005
2.38538e-005
2.38088e-005
2.35836e-005
2.33541e-005
2.27574e-005
2.19395e-005
2.15177e-005
2.16348e-005
2.1741e-005
2.11076e-005
1.99651e-005
1.93702e-005
1.96328e-005
1.9791e-005
1.92469e-005
1.81328e-005
1.68937e-005
1.56417e-005
1.4072e-005
1.26452e-005
1.188e-005
1.16664e-005
1.1027e-005
9.7801e-006
8.1574e-006
6.28327e-006
4.92986e-006
4.26889e-006
3.34161e-006
1.89505e-006
4.4725e-007
-1.20767e-006
-2.75213e-006
-3.8357e-006
-4.63804e-006
-5.68262e-006
-7.58222e-006
-9.37871e-006
-1.0255e-005
-1.12351e-005
-1.26665e-005
-1.42068e-005
-1.61801e-005
-1.84363e-005
-2.01603e-005
-2.14233e-005
-2.23525e-005
-2.31574e-005
-2.42758e-005
-2.60158e-005
-2.75964e-005
-2.82614e-005
-2.88359e-005
-2.99909e-005
-3.16558e-005
-3.3598e-005
-3.54988e-005
-3.67416e-005
-3.70239e-005
-3.72475e-005
-3.76465e-005
-3.77994e-005
-3.80439e-005
-3.86044e-005
-3.90442e-005
-3.92692e-005
-3.99738e-005
-4.10163e-005
-4.16727e-005
-4.20321e-005
-4.23405e-005
-4.27977e-005
-4.26393e-005
-4.19221e-005
-4.17543e-005
-4.21468e-005
-4.21088e-005
-4.1155e-005
-3.99231e-005
-3.8985e-005
-3.81081e-005
-3.69036e-005
-3.60325e-005
-3.58777e-005
-3.56913e-005
-3.50359e-005
-3.44567e-005
-3.45972e-005
-3.51144e-005
-3.5141e-005
-3.44684e-005
-3.31094e-005
-3.15129e-005
-3.03771e-005
-2.95441e-005
-2.84841e-005
-2.6952e-005
-2.51956e-005
-2.3771e-005
-2.23463e-005
-2.04955e-005
-1.89191e-005
-1.78731e-005
-1.65663e-005
-1.53691e-005
-1.49646e-005
-1.48921e-005
-1.41242e-005
-1.23437e-005
-1.03275e-005
-8.90963e-006
-7.96519e-006
-7.18923e-006
-6.40539e-006
-4.79716e-006
-2.52276e-006
-8.49812e-007
-8.1624e-008
2.32737e-007
4.88629e-007
1.06171e-006
1.92937e-006
2.34947e-006
2.367e-006
2.89576e-006
4.27099e-006
5.60647e-006
6.37553e-006
6.87317e-006
7.13857e-006
7.33542e-006
7.71598e-006
8.43604e-006
9.03988e-006
9.18482e-006
9.0977e-006
8.81673e-006
8.67901e-006
9.2406e-006
9.75534e-006
9.67527e-006
9.23181e-006
8.29241e-006
6.88364e-006
6.17212e-006
6.54834e-006
6.98744e-006
7.16297e-006
7.07381e-006
6.72487e-006
6.24228e-006
5.13649e-006
3.71687e-006
2.87591e-006
2.91495e-006
3.53954e-006
3.80687e-006
3.68648e-006
3.34813e-006
2.76995e-006
2.35478e-006
2.20302e-006
1.77194e-006
1.00533e-006
5.34386e-007
3.21309e-007
9.52564e-008
-4.14405e-008
2.17757e-008
-2.82483e-007
-1.14833e-006
-1.83843e-006
-2.28782e-006
-3.12894e-006
-4.3433e-006
-5.25269e-006
-5.68848e-006
-5.39931e-006
-4.82554e-006
-4.75963e-006
-5.43381e-006
-5.97889e-006
-5.38959e-006
-4.6217e-006
-4.6966e-006
-5.60457e-006
-6.68223e-006
-7.34419e-006
-7.82497e-006

   Record Number: 108
   Aqu. Duration: 14.9914 ms
     Onset Delay: 0 ms
      No. Points: 366
    No. Averages: 2
   No. Artifacts: 0
      Start Time: Mon Dec 24 13:39

    SigGen Index: 20
       Variables: 
                  Freq = 32000 Hz
                  Level = 90 dB
                  Atten-A = 0 dB
                  Phase = 90 deg
                  Duration = 3 ms
                  GateTime = 1 ms
2.56839e-005
2.52033e-005
2.50122e-005
2.49713e-005
2.54474e-005
2.64312e-005
2.72268e-005
2.75545e-005
2.76069e-005
2.7817e-005
2.86448e-005
2.97824e-005
3.03671e-005
3.02499e-005
2.98431e-005
2.96412e-005
2.93356e-005
2.87248e-005
2.8037e-005
2.7425e-005
2.65888e-005
2.57882e-005
2.5173e-005
2.44034e-005
2.30026e-005
2.11566e-005
1.97173e-005
1.91062e-005
1.87798e-005
1.82923e-005
1.72764e-005
1.57976e-005
1.48033e-005
1.44401e-005
1.38969e-005
1.27462e-005
1.17471e-005
1.12603e-005
1.07796e-005
9.54532e-006
7.58376e-006
5.65532e-006
4.5882e-006
3.82706e-006
2.85922e-006
1.8114e-006
4.4294e-007
-9.37514e-007
-1.83932e-006
-2.87402e-006
-4.3585e-006
-5.79551e-006
-7.29219e-006
-9.09819e-006
-1.06883e-005
-1.20786e-005
-1.41097e-005
-1.64114e-005
-1.79797e-005
-1.93092e-005
-2.15377e-005
-2.47686e-005
-2.75628e-005
-2.88799e-005
-2.98607e-005
-3.09492e-005
-3.15735e-005
-3.19595e-005
-3.22421e-005
-3.26298e-005
-3.38327e-005
-3.57893e-005
-3.72717e-005
-3.76537e-005
-3.80189e-005
-3.89207e-005
-3.98512e-005
-4.02785e-005
-4.05295e-005
-4.06821e-005
-4.1221e-005
-4.23301e-005
-4.33483e-005
-4.37408e-005
-4.3155e-005
-4.22854e-005
-4.22763e-005
-4.24555e-005
-4.19257e-005
-4.07554e-005
-3.94555e-005
-3.86028e-005
-3.85178e-005
-3.84281e-005
-3.76494e-005
-3.69163e-005
-3.70551e-005
-3.74385e-005
-3.66593e-005
-3.49024e-005
-3.36737e-005
-3.35821e-005
-3.38126e-005
-3.36825e-005
-3.29219e-005
-3.16933e-005
-3.08855e-005
-3.01258e-005
-2.90309e-005
-2.79974e-005
-2.66123e-005
-2.51095e-005
-2.40084e-005
-2.29972e-005
-2.18118e-005
-2.03098e-005
-1.86772e-005
-1.72702e-005
-1.62578e-005
-1.54744e-005
-1.43297e-005
-1.28861e-005
-1.15742e-005
-1.02754e-005
-8.83805e-006
-7.92335e-006
-7.29931e-006
-5.88412e-006
-3.85739e-006
-2.36414e-006
-2.02402e-006
-2.40085e-006
-2.12091e-006
-5.23926e-007
1.29183e-006
2.40139e-006
2.48025e-006
2.51182e-006
3.41333e-006
4.94014e-006
5.95631e-006
5.89746e-006
5.54515e-006
5.55244e-006
6.18302e-006
6.91741e-006
7.29239e-006
7.37954e-006
7.56306e-006
8.05125e-006
8.54114e-006
8.49401e-006
7.62813e-006
6.94636e-006
7.22265e-006
7.93138e-006
8.51525e-006
8.66396e-006
8.02552e-006
6.7405e-006
5.66019e-006
4.98407e-006
4.45729e-006
4.26711e-006
4.58809e-006
4.93449e-006
4.86955e-006
4.51731e-006
3.93022e-006
3.61759e-006
3.71806e-006
3.38383e-006
2.57227e-006
1.97811e-006
1.55095e-006
1.07354e-006
4.23352e-007
1.00846e-008
3.44828e-007
7.6768e-007
6.65249e-007
1.11649e-007
-7.66678e-007
-1.36183e-006
-1.06212e-006
-4.85599e-007
-5.52426e-007
-1.23249e-006
-1.7748e-006
-2.1844e-006
-2.58382e-006
-2.69388e-006
-2.83777e-006
-3.7785e-006
-5.08475e-006
-6.04834e-006
-6.37803e-006
-6.59922e-006
-7.50232e-006
-8.88017e-006
-9.67956e-006
-9.536e-006
-8.85202e-006
-8.60609e-006
-9.23843e-006
-9.7288e-006
-9.32599e-006
-8.94253e-006
-9.25733e-006
-9.89979e-006
-1.00622e-005
-9.27092e-006
-8.22219e-006
-8.06914e-006
-8.43408e-006
-8.44045e-006
-7.76389e-006
-6.75551e-006
-6.28997e-006
-6.55153e-006
-6.65733e-006
-6.2435e-006
-5.99559e-006
-5.82473e-006
-5.13211e-006
-3.72742e-006
-2.31822e-006
-1.20457e-006
-3.70781e-007
-2.63111e-007
-4.32509e-007
-4.22225e-007
3.16869e-007
1.86245e-006
3.41233e-006
4.19272e-006
4.50863e-006
4.82173e-006
5.59707e-006
6.56302e-006
6.88796e-006
6.43248e-006
6.19133e-006
6.86134e-006
7.94346e-006
8.59804e-006
8.86333e-006
9.15375e-006
9.89922e-006
1.0871e-005
1.12999e-005
1.05652e-005
9.22899e-006
8.38316e-006
8.34936e-006
9.27977e-006
1.11158e-005
1.27619e-005
1.37698e-005
1.44642e-005
1.52281e-005
1.60021e-005
1.65196e-005
1.68433e-005
1.72258e-005
1.73419e-005
1.75195e-005
1.83225e-005
1.90162e-005
1.9266e-005
1.94226e-005
1.9551e-005
1.95534e-005
1.90072e-005
1.78319e-005
1.70677e-005
1.74079e-005
1.81145e-005
1.87257e-005
1.88793e-005
1.88252e-005
1.92091e-005
2.00305e-005
2.06372e-005
2.06704e-005
1.99817e-005
1.89499e-005
1.80876e-005
1.72602e-005
1.66774e-005
1.63101e-005
1.61073e-005
1.61427e-005
1.59126e-005
1.53126e-005
1.47129e-005
1.44077e-005
1.42791e-005
1.37639e-005
1.28863e-005
1.21653e-005
1.20862e-005
1.261e-005
1.31169e-005
1.28434e-005
1.19583e-005
1.11966e-005
1.06407e-005
9.98735e-006
9.06116e-006
8.01049e-006
7.1145e-006
6.32614e-006
5.77257e-006
5.23005e-006
4.82704e-006
5.00778e-006
5.1162e-006
4.60792e-006
4.06257e-006
4.01471e-006
3.91994e-006
4.03598e-006
4.72901e-006
5.42678e-006
5.53939e-006
5.67015e-006
6.2505e-006
7.07257e-006
7.53024e-006
7.18195e-006
6.74327e-006
6.90424e-006
7.62225e-006
8.21419e-006
7.96866e-006
7.34528e-006
6.64413e-006
6.21026e-006
6.17967e-006
5.9921e-006
5.50962e-006
5.13709e-006
5.11881e-006
4.47267e-006
3.0733e-006
2.2082e-006
2.16088e-006
2.47584e-006
3.04191e-006
3.70094e-006
4.01967e-006
3.59423e-006
2.88086e-006
2.62153e-006
2.76969e-006
3.279e-006
4.1768e-006
4.96242e-006
5.53956e-006
5.88748e-006
5.61747e-006
5.08488e-006
4.90825e-006
5.27433e-006
6.00104e-006

   Record Number: 109
   Aqu. Duration: 14.9914 ms
     Onset Delay: 0 ms
      No. Points: 366
    No. Averages: 2
   No. Artifacts: 0
      Start Time: Mon Dec 24 13:39

    SigGen Index: 20
       Variables: 
                  Freq = 32000 Hz
                  Level = 90 dB
                  Atten-A = 0 dB
                  Phase = 90 deg
                  Duration = 3 ms
                  GateTime = 1 ms
-1.9226e-006
-1.43828e-006
-8.87637e-007
-1.21196e-007
7.92597e-007
1.00275e-006
2.35543e-007
-6.49353e-007
-4.53021e-007
9.10342e-009
-1.03995e-007
-2.34617e-007
-1.94831e-007
-5.31992e-007
-8.71686e-007
-5.86407e-007
-2.78108e-007
7.69183e-008
5.25381e-007
4.02509e-007
1.52735e-008
-6.82557e-008
2.12753e-007
5.59965e-007
3.03437e-007
-1.82911e-007
-1.42944e-007
1.73509e-007
3.15417e-007
6.3779e-007
1.17349e-006
1.19913e-006
6.43653e-007
2.72674e-007
4.00365e-007
4.69425e-007
2.02651e-007
8.06318e-008
2.31524e-007
2.57399e-007
4.54422e-007
8.50993e-007
1.0553e-006
4.61694e-007
-6.06808e-007
-8.58634e-007
-1.15053e-007
1.67866e-007
3.11074e-008
2.44801e-007
7.68849e-007
1.07506e-006
3.77e-007
-6.33026e-007
-8.04096e-007
-3.87379e-007
1.57927e-007
5.9486e-007
8.74335e-007
9.12288e-007
4.43958e-007
-3.41327e-007
-1.12105e-006
-2.08343e-006
-2.97624e-006
-3.03191e-006
-2.45153e-006
-1.55837e-006
-6.2541e-007
-3.98406e-007
-8.55671e-007
-1.68156e-006
-2.18381e-006
-1.906e-006
-1.12931e-006
-9.76878e-007
-1.81862e-006
-2.75884e-006
-2.45918e-006
-1.07879e-006
-7.52026e-008
-1.21973e-007
-8.44835e-007
-1.84095e-006
-2.52655e-006
-2.49079e-006
-2.39169e-006
-2.53432e-006
-2.5063e-006
-2.50547e-006
-2.87517e-006
-3.37059e-006
-3.54169e-006
-3.44313e-006
-3.6178e-006
-3.96451e-006
-3.56944e-006
-2.70991e-006
-2.00253e-006
-1.90678e-006
-2.36823e-006
-2.6881e-006
-2.85552e-006
-2.76231e-006
-2.54216e-006
-2.40553e-006
-2.00765e-006
-1.28655e-006
-4.92231e-007
-2.37315e-007
-7.32145e-007
-1.44842e-006
-1.87994e-006
-1.6214e-006
-1.32466e-006
-1.93545e-006
-2.71199e-006
-2.63996e-006
-2.44592e-006
-2.72271e-006
-3.03809e-006
-3.36155e-006
-3.72315e-006
-3.64631e-006
-3.32847e-006
-3.53027e-006
-3.86257e-006
-3.62776e-006
-3.46862e-006
-3.65341e-006
-3.30373e-006
-2.17162e-006
-1.57432e-006
-1.97961e-006
-2.16505e-006
-1.66773e-006
-1.50752e-006
-1.8302e-006
-1.91865e-006
-1.87825e-006
-1.73144e-006
-1.17406e-006
-4.28758e-007
-2.96009e-007
-1.04204e-006
-2.08898e-006
-2.28498e-006
-1.79558e-006
-1.71216e-006
-1.81363e-006
-1.4428e-006
-8.22877e-007
-3.30954e-007
2.44271e-007
3.58741e-007
-1.23718e-007
-6.73717e-007
-1.12694e-006
-1.15976e-006
-1.23321e-007
1.18073e-006
1.77404e-006
1.19487e-006
9.96262e-008
-3.98864e-007
-4.49791e-007
-3.62985e-007
6.68126e-009
4.74584e-007
7.68438e-007
1.07125e-006
1.4196e-006
1.57839e-006
1.56231e-006
1.28006e-006
4.78663e-007
-7.20361e-007
-1.55246e-006
-1.14083e-006
-2.09314e-007
3.87173e-007
1.02705e-006
1.27346e-006
1.16975e-006
1.24819e-006
1.44085e-006
1.53336e-006
1.44444e-006
1.30551e-006
1.29954e-006
1.36681e-006
1.31523e-006
1.14589e-006
1.2256e-006
1.28246e-006
1.12487e-006
7.77302e-007
4.94448e-007
4.32116e-007
6.05242e-007
7.3276e-007
1.244e-007
-1.04052e-006
-2.31025e-006
-2.69727e-006
-1.69804e-006
-6.22729e-007
-6.49257e-007
-1.55927e-006
-2.2989e-006
-1.96712e-006
-9.39725e-007
-3.059e-007
-1.27325e-007
-2.4403e-007
-3.24671e-007
-2.69704e-007
-5.14399e-007
-9.97628e-007
-1.42522e-006
-1.4569e-006
-1.23436e-006
-1.1426e-006
-1.27711e-006
-1.33071e-006
-1.26575e-006
-1.1787e-006
-1.27448e-006
-1.64931e-006
-1.42949e-006
-6.57736e-007
4.51399e-009
5.8682e-007
7.82587e-007
2.36625e-007
-3.17227e-007
-9.6292e-008
7.2247e-007
9.04463e-007
3.58325e-007
2.10395e-007
1.01424e-006
2.14879e-006
2.87492e-006
3.05606e-006
2.73112e-006
1.93278e-006
1.17234e-006
6.74661e-007
2.83205e-007
9.54894e-008
1.77133e-009
-4.2186e-008
3.59531e-007
9.01797e-007
8.36069e-007
-5.97108e-008
-8.8905e-007
-8.30167e-007
-5.52978e-007
-3.43919e-007
2.69035e-007
8.22001e-007
1.09695e-006
1.9598e-006
3.02582e-006
3.36439e-006
2.88499e-006
2.13043e-006
1.78829e-006
1.73266e-006
1.66167e-006
1.83884e-006
2.74899e-006
3.62922e-006
3.55575e-006
3.10275e-006
3.11431e-006
3.76357e-006
4.62782e-006
4.71713e-006
4.25599e-006
4.4777e-006
5.18243e-006
5.48413e-006
5.38736e-006
5.06086e-006
4.48289e-006
4.185e-006
4.50106e-006
5.18667e-006
6.2514e-006
6.94262e-006
6.59983e-006
6.08169e-006
5.90374e-006
5.79969e-006
5.73607e-006
5.79859e-006
5.85748e-006
5.53994e-006
4.55618e-006
3.24123e-006
2.46926e-006
2.38587e-006
2.81156e-006
3.23634e-006
3.34388e-006
3.33241e-006
3.28175e-006
3.19323e-006
3.19677e-006
3.28721e-006
3.13267e-006
2.81805e-006
2.28624e-006
2.13934e-006
2.3867e-006
1.89278e-006
9.35031e-007
6.86888e-007
1.08214e-006
1.00365e-006
2.16178e-007
-3.33903e-007
-2.61308e-007
-3.25633e-008
-2.38282e-007
-3.81139e-007
-1.6465e-007
-3.7156e-007
-1.17683e-006
-1.89061e-006
-2.11992e-006
-2.21213e-006
-2.17928e-006
-1.81544e-006
-1.15664e-006
-6.4458e-007
-3.50226e-007
-3.81574e-007
-6.81468e-007
-1.31406e-006
-2.00236e-006
-1.92152e-006
-1.02361e-006
-2.80444e-007
-5.17704e-007
-1.38923e-006
-1.87151e-006
-1.56104e-006
-8.2393e-007
-1.03241e-007
-7.00345e-008
-6.64627e-007
-1.21497e-006
-1.15689e-006
-5.63875e-007
-3.10634e-007
-1.07792e-006
-2.19347e-006
-2.30737e-006
-1.64963e-006
-1.31131e-006
-1.68353e-006
-2.14108e-006

   Record Number: 110
   Aqu. Duration: 14.9914 ms
     Onset Delay: 0 ms
      No. Points: 366
    No. Averages: 2
   No. Artifacts: 0
      Start Time: Mon Dec 24 13:39

    SigGen Index: 20
       Variables: 
                  Freq = 32000 Hz
                  Level = 90 dB
                  Atten-A = 0 dB
                  Phase = 90 deg
                  Duration = 3 ms
                  GateTime = 1 ms
3.87106e-006
4.67873e-006
4.71676e-006
4.05164e-006
3.41451e-006
3.23726e-006
3.32794e-006
3.45348e-006
3.5582e-006
3.60013e-006
3.36249e-006
3.04726e-006
2.67047e-006
2.28855e-006
2.18343e-006
2.67843e-006
3.42934e-006
3.66782e-006
3.28208e-006
2.76226e-006
2.43545e-006
2.30462e-006
2.08237e-006
1.74001e-006
1.66162e-006
1.84833e-006
2.11536e-006
2.11797e-006
2.08374e-006
2.0518e-006
1.86848e-006
1.7469e-006
1.92224e-006
1.80222e-006
1.52912e-006
1.78963e-006
2.30361e-006
2.35272e-006
1.91945e-006
1.72662e-006
1.60238e-006
1.25101e-006
1.15314e-006
1.55068e-006
2.09576e-006
2.90779e-006
3.62164e-006
3.68368e-006
3.44512e-006
3.83564e-006
4.27871e-006
3.85944e-006
2.62255e-006
1.49217e-006
1.05236e-006
6.91618e-007
4.01407e-007
5.7587e-007
1.00709e-006
1.43634e-006
1.65786e-006
2.01995e-006
1.85104e-006
8.7424e-007
1.01246e-007
2.41075e-007
1.11213e-006
2.28904e-006
2.82924e-006
2.3129e-006
1.26166e-006
8.06562e-007
1.27251e-006
1.79383e-006
1.39874e-006
8.65827e-007
9.89011e-007
1.41213e-006
1.41895e-006
1.00549e-006
5.76887e-007
3.16768e-007
-1.14103e-008
-1.46374e-006
-3.01058e-006
-3.40913e-006
-3.27402e-006
-3.1825e-006
-3.06156e-006
-2.42349e-006
-1.48684e-006
-1.07714e-006
-1.32902e-006
-1.21955e-006
-1.11548e-006
-1.301e-006
-1.26633e-006
-1.23642e-006
-1.71072e-006
-2.50866e-006
-2.51207e-006
-1.3925e-006
-3.68969e-007
-2.23382e-007
-4.17683e-007
-2.52133e-007
-1.41053e-008
8.86904e-009
2.93522e-007
6.82364e-007
4.34244e-007
-2.34335e-007
-4.18882e-007
3.62514e-007
1.28695e-006
1.30772e-006
7.89837e-007
4.20121e-007
5.00037e-007
9.05366e-007
8.66675e-007
-7.08472e-008
-8.43058e-007
-4.70354e-007
7.70002e-008
3.51541e-007
9.79127e-007
1.89149e-006
2.38268e-006
2.06061e-006
1.24221e-006
6.80282e-007
8.39625e-007
9.75298e-007
4.72519e-007
-4.62497e-008
-2.36065e-007
-3.87751e-007
-4.94606e-007
-4.11461e-007
-4.44625e-007
-7.73396e-007
-1.25326e-006
-1.70847e-006
-2.07673e-006
-2.02288e-006
-1.31393e-006
-7.44629e-007
-6.77483e-007
-6.37783e-007
-8.8355e-007
-1.66865e-006
-2.66554e-006
-3.15004e-006
-2.89905e-006
-2.53961e-006
-2.22015e-006
-2.23193e-006
-2.69662e-006
-2.60704e-006
-1.7792e-006
-1.08698e-006
-1.1051e-006
-1.70014e-006
-1.81386e-006
-1.16806e-006
-3.69669e-007
2.74369e-007
4.48745e-007
-1.04377e-007
-1.38016e-006
-2.51589e-006
-2.47092e-006
-1.57402e-006
-8.68082e-007
-8.53366e-007
-1.12512e-006
-8.46898e-007
-4.81029e-007
-1.00834e-006
-1.58357e-006
-1.00055e-006
-2.19402e-007
-2.69826e-007
-2.82643e-007
-9.58111e-008
-2.9094e-007
-6.73264e-007
-1.28741e-006
-1.44597e-006
-1.21505e-006
-1.7522e-006
-2.58938e-006
-2.77443e-006
-2.07136e-006
-1.02894e-006
-5.73352e-007
-7.04129e-007
-4.45645e-007
2.10615e-007
8.09779e-007
1.54461e-006
2.10702e-006
1.90891e-006
1.18217e-006
7.6343e-007
9.2892e-007
1.62298e-006
2.29898e-006
2.552e-006
2.61769e-006
2.64259e-006
2.56537e-006
2.07786e-006
1.20149e-006
7.60244e-007
1.26384e-006
1.7814e-006
1.66484e-006
1.131e-006
9.40737e-007
1.30413e-006
1.57775e-006
1.72698e-006
1.79174e-006
1.54593e-006
9.03474e-007
3.65932e-007
9.41501e-007
2.25176e-006
3.33538e-006
3.62888e-006
3.04203e-006
2.30246e-006
1.84128e-006
1.6357e-006
1.1863e-006
5.76509e-007
4.70802e-007
1.43164e-007
-3.92912e-007
2.53888e-007
1.30367e-006
1.65e-006
1.90447e-006
2.14339e-006
2.36783e-006
2.72641e-006
2.75353e-006
2.41195e-006
2.12065e-006
1.95838e-006
2.24782e-006
3.10364e-006
3.6635e-006
3.15658e-006
2.47448e-006
2.57486e-006
3.30472e-006
3.69456e-006
3.46378e-006
3.29911e-006
3.65252e-006
4.04428e-006
3.78282e-006
2.81167e-006
1.70016e-006
1.23037e-006
1.43713e-006
1.84926e-006
2.2285e-006
2.38674e-006
2.67025e-006
3.19279e-006
3.21847e-006
2.51595e-006
2.00441e-006
2.47669e-006
3.14295e-006
3.3802e-006
3.16403e-006
2.78943e-006
2.39132e-006
2.33968e-006
2.54245e-006
2.74553e-006
3.36316e-006
4.46112e-006
4.8425e-006
3.90809e-006
2.7218e-006
2.67263e-006
3.38619e-006
3.46947e-006
3.15372e-006
3.08632e-006
3.23514e-006
3.31983e-006
3.03491e-006
2.62695e-006
2.23937e-006
2.15843e-006
2.53575e-006
2.58875e-006
2.5111e-006
3.34392e-006
4.50497e-006
5.0289e-006
4.82795e-006
4.27415e-006
3.68852e-006
3.29889e-006
2.8447e-006
2.67506e-006
2.88151e-006
2.60682e-006
1.75782e-006
1.3388e-006
1.47859e-006
1.66862e-006
1.72892e-006
1.8649e-006
2.09302e-006
1.46149e-006
2.26689e-007
-5.49551e-007
-1.03285e-006
-1.59028e-006
-1.826e-006
-1.38023e-006
-7.43468e-007
-7.4514e-007
-1.77727e-006
-2.87389e-006
-3.61476e-006
-4.01266e-006
-4.08669e-006
-4.47166e-006
-5.62532e-006
-6.88299e-006
-7.41573e-006
-7.46214e-006
-7.59768e-006
-8.22463e-006
-9.29353e-006
-1.03593e-005
-1.07227e-005
-1.04961e-005
-1.04097e-005
-1.07761e-005
-1.09313e-005
-1.05944e-005
-1.06212e-005
-1.10306e-005
-1.14301e-005
-1.21228e-005
-1.31719e-005
-1.42712e-005
-1.54074e-005
-1.61098e-005
-1.64207e-005
-1.73739e-005
-1.89556e-005
-1.98155e-005
-1.96383e-005
-1.96111e-005

