ABR Group Header  ==================================
    Group Number: 0
         Records: 1
  SigGen File #1: DX
  SigGen File #2: 
      Subject ID:  
    Reference #1:  
    Reference #2:  
            Memo:  
      Start Time: Mon Dec 24 13:54
        End Time: Mon Dec 24 13:54
----------------------------------------------------

   Record Number: 0
   Aqu. Duration: 14.9914 ms
     Onset Delay: 0 ms
      No. Points: 366
    No. Averages: 2
   No. Artifacts: 0
      Start Time: Mon Dec 24 13:54

    SigGen Index: 60
       Variables: 
                  Freq = 16000 Hz
                  Level = 80 dB
                  Atten-A = 10 dB
                  Phase = 90 deg
                  Duration = 3 ms
                  GateTime = 1 ms
4.41683e-006
4.23565e-006
3.82038e-006
3.55448e-006
3.72733e-006
4.17118e-006
4.33828e-006
4.41871e-006
4.64094e-006
4.52664e-006
3.77013e-006
2.55257e-006
1.9069e-006
2.30561e-006
2.63148e-006
2.89284e-006
3.31854e-006
3.75108e-006
3.98021e-006
4.16813e-006
4.57394e-006
5.23823e-006
5.81837e-006
5.81939e-006
5.57611e-006
5.68839e-006
6.05104e-006
6.25014e-006
5.56524e-006
4.8297e-006
5.06929e-006
5.65046e-006
5.64635e-006
5.3594e-006
5.08827e-006
4.85904e-006
4.86078e-006
4.86319e-006
4.17317e-006
2.86589e-006
2.20133e-006
2.01904e-006
2.15712e-006
2.18322e-006
1.78322e-006
1.903e-006
2.37628e-006
2.64234e-006
2.78278e-006
2.67966e-006
2.49367e-006
2.88785e-006
3.38154e-006
3.02658e-006
2.5913e-006
2.91507e-006
3.01964e-006
2.16655e-006
1.41189e-006
1.15664e-006
5.13764e-007
-2.19413e-007
-7.05923e-008
5.96323e-007
9.2375e-007
7.82886e-007
2.67383e-007
-1.08213e-007
6.1967e-008
7.81415e-007
1.26698e-006
7.21623e-007
2.12074e-008
1.56765e-007
1.33156e-006
2.37435e-006
2.34427e-006
1.93533e-006
1.60851e-006
1.72944e-006
1.67823e-006
9.61468e-007
1.07944e-009
-5.02421e-007
-4.11579e-007
4.28126e-008
4.79483e-007
6.15067e-007
7.54949e-007
1.1723e-006
2.09411e-006
2.75897e-006
2.33008e-006
1.66947e-006
1.62101e-006
1.96631e-006
2.12564e-006
2.00921e-006
1.67082e-006
1.58418e-006
1.86705e-006
2.02221e-006
1.83389e-006
1.5158e-006
1.09944e-006
7.53581e-007
1.86614e-007
-3.14332e-007
7.46022e-009
5.54354e-007
6.55949e-007
6.11609e-007
7.54644e-007
8.53244e-007
3.17301e-007
-9.09869e-007
-1.47922e-006
-8.13944e-007
1.02295e-008
2.16159e-007
4.45546e-008
-5.51209e-008
3.07916e-007
7.39434e-007
3.09003e-007
-1.95215e-007
-2.91252e-008
8.81637e-008
-1.7859e-007
-2.01122e-007
-1.74772e-007
-3.15247e-007
-8.38955e-007
-1.40533e-006
-1.78813e-006
-2.01956e-006
-2.38145e-006
-2.79082e-006
-2.73619e-006
-2.28654e-006
-2.19884e-006
-2.88475e-006
-3.63435e-006
-3.4118e-006
-2.51878e-006
-1.76851e-006
-1.53004e-006
-1.59287e-006
-1.86009e-006
-2.35219e-006
-2.98254e-006
-3.66891e-006
-3.69334e-006
-3.20845e-006
-3.09863e-006
-3.66201e-006
-4.02236e-006
-3.98983e-006
-3.95275e-006
-3.61382e-006
-3.33819e-006
-2.99253e-006
-2.25827e-006
-1.71741e-006
-2.00137e-006
-2.54876e-006
-2.57057e-006
-2.17367e-006
-1.61975e-006
-1.04582e-006
-6.12015e-007
-3.90821e-007
-4.89972e-007
-9.39389e-007
-1.54503e-006
-1.65468e-006
-9.26888e-007
1.49369e-008
3.80755e-007
1.45106e-007
5.32908e-008
6.94801e-007
1.62532e-006
2.38129e-006
2.44081e-006
1.53379e-006
9.39141e-007
1.01515e-006
1.3205e-006
1.63529e-006
1.39392e-006
4.61313e-008
-1.02397e-006
-1.01363e-006
-8.73013e-007
-1.00949e-006
-1.20794e-006
-1.04496e-006
-8.73474e-008
1.01603e-006
1.32887e-006
9.63523e-007
6.70613e-007
5.02523e-007
4.31546e-007
7.80931e-007
1.03629e-006
1.06072e-006
1.01179e-006
1.01527e-006
8.8371e-007
4.01318e-007
4.79311e-007
1.17274e-006
1.2277e-006
4.77894e-007
-3.27802e-007
-7.21587e-007
-3.68965e-007
6.82744e-007
1.33919e-006
1.3593e-006
1.30074e-006
1.17651e-006
1.1922e-006
1.13719e-006
5.69587e-007
2.22195e-007
5.97684e-007
1.37248e-006
2.07896e-006
2.1616e-006
1.49703e-006
7.48497e-007
5.22692e-007
5.65752e-007
5.28287e-007
5.3198e-007
7.23619e-007
1.29102e-006
1.97056e-006
2.28794e-006
2.08903e-006
1.46729e-006
9.55434e-007
1.15491e-006
1.92765e-006
2.41423e-006
2.10284e-006
1.97759e-006
2.74682e-006
3.36655e-006
2.81643e-006
1.85216e-006
1.38326e-006
1.39992e-006
1.55688e-006
1.99323e-006
2.57841e-006
3.25688e-006
3.45363e-006
2.78308e-006
1.9768e-006
1.65925e-006
2.12563e-006
2.99743e-006
3.0965e-006
2.6202e-006
2.44061e-006
2.85963e-006
2.97207e-006
2.41241e-006
2.27051e-006
2.76682e-006
3.13655e-006
3.59933e-006
4.61609e-006
5.5586e-006
5.69871e-006
5.36561e-006
5.33365e-006
5.15808e-006
4.46766e-006
4.12334e-006
4.63517e-006
5.17376e-006
4.92379e-006
3.96884e-006
3.12789e-006
3.54095e-006
4.61035e-006
5.37942e-006
5.72837e-006
5.78158e-006
5.08185e-006
4.09122e-006
3.82316e-006
4.34025e-006
4.67602e-006
4.09459e-006
3.2747e-006
3.09948e-006
3.27345e-006
3.10452e-006
2.83277e-006
2.99066e-006
3.85235e-006
4.73358e-006
4.82656e-006
4.59219e-006
4.67302e-006
5.3873e-006
5.96131e-006
5.40536e-006
4.02703e-006
2.86396e-006
2.68762e-006
2.8643e-006
2.8318e-006
2.98506e-006
3.07847e-006
2.13238e-006
5.69932e-007
-2.05283e-007
-3.26669e-007
-1.02059e-006
-2.29558e-006
-3.56737e-006
-4.36986e-006
-4.64792e-006
-4.78591e-006
-5.27652e-006
-5.85472e-006
-6.42928e-006
-6.9085e-006
-7.39205e-006
-7.74519e-006
-8.20132e-006
-9.3913e-006
-1.06865e-005
-1.10819e-005
-1.06499e-005
-1.05447e-005
-1.09922e-005
-1.14631e-005
-1.19207e-005
-1.2656e-005
-1.3389e-005
-1.38338e-005
-1.39567e-005
-1.3895e-005
-1.43584e-005
-1.51144e-005
-1.58002e-005
-1.68514e-005
-1.78089e-005
-1.83872e-005
-1.86336e-005
-1.85349e-005
-1.86729e-005
-1.92254e-005
-1.97415e-005
-1.97117e-005
-1.94044e-005
-1.95679e-005
-2.02748e-005

