ABR Group Header  ==================================
    Group Number: 0
         Records: 1
  SigGen File #1: DX
  SigGen File #2: 
      Subject ID:  
    Reference #1:  
    Reference #2:  
            Memo:  
      Start Time: Mon Dec 24 14:31
        End Time: Mon Dec 24 14:31
----------------------------------------------------

   Record Number: 0
   Aqu. Duration: 14.9914 ms
     Onset Delay: 0 ms
      No. Points: 366
    No. Averages: 2
   No. Artifacts: 0
      Start Time: Mon Dec 24 14:31

    SigGen Index: 65
       Variables: 
                  Freq = 16000 Hz
                  Level = 55 dB
                  Atten-A = 35 dB
                  Phase = 90 deg
                  Duration = 3 ms
                  GateTime = 1 ms
1.17787e-005
1.19538e-005
1.13879e-005
1.07546e-005
1.03691e-005
9.93808e-006
9.10561e-006
7.99336e-006
7.20683e-006
7.25364e-006
7.77139e-006
8.0844e-006
8.01517e-006
7.9192e-006
8.36178e-006
9.04276e-006
9.29797e-006
8.73649e-006
7.58951e-006
6.42461e-006
6.18255e-006
6.53899e-006
6.9228e-006
6.78021e-006
6.46469e-006
6.45269e-006
6.8503e-006
6.54401e-006
5.0515e-006
3.70057e-006
3.54148e-006
3.68596e-006
3.4925e-006
2.94118e-006
2.20767e-006
1.78049e-006
1.55766e-006
1.37451e-006
1.04818e-006
1.06709e-006
1.5603e-006
2.16711e-006
2.55778e-006
2.58339e-006
2.55126e-006
2.53357e-006
2.14197e-006
1.42294e-006
9.95687e-007
6.97468e-007
6.45473e-007
1.20717e-006
1.80634e-006
2.37515e-006
3.55222e-006
5.3724e-006
6.92193e-006
7.67927e-006
7.58472e-006
6.53122e-006
5.39757e-006
4.73779e-006
3.89522e-006
2.33675e-006
8.5076e-007
3.74814e-007
5.52733e-007
7.7043e-007
7.62942e-007
6.05099e-007
7.3843e-007
1.00716e-006
9.67305e-007
9.77676e-007
1.46321e-006
2.4813e-006
3.10557e-006
2.61299e-006
1.97177e-006
2.15728e-006
2.78458e-006
3.25493e-006
3.2211e-006
2.2934e-006
1.14307e-006
1.1075e-006
2.22948e-006
3.02514e-006
2.94702e-006
2.78584e-006
3.18761e-006
3.57256e-006
3.24328e-006
2.84364e-006
3.01385e-006
3.45234e-006
4.10593e-006
4.96365e-006
5.47439e-006
5.88884e-006
7.02096e-006
7.9099e-006
7.5086e-006
6.46598e-006
5.74624e-006
5.48201e-006
4.91623e-006
4.53861e-006
4.72358e-006
5.02582e-006
5.34291e-006
5.19556e-006
4.7503e-006
4.14637e-006
3.51644e-006
3.13037e-006
3.56335e-006
4.8801e-006
5.9874e-006
6.26285e-006
5.76881e-006
5.03226e-006
4.78738e-006
4.97663e-006
4.90503e-006
4.44961e-006
4.09825e-006
3.97351e-006
3.96498e-006
3.86334e-006
3.58101e-006
3.39615e-006
3.45177e-006
3.11203e-006
1.78333e-006
4.16679e-007
-2.97007e-007
-2.62957e-007
4.10745e-007
7.24754e-007
2.0459e-007
-7.0121e-007
-1.04918e-006
-7.81851e-007
-7.55591e-007
-1.04775e-006
-1.2271e-006
-1.35059e-006
-1.60784e-006
-2.12843e-006
-2.72078e-006
-3.23796e-006
-4.06752e-006
-4.67373e-006
-4.82051e-006
-5.30227e-006
-5.89648e-006
-5.63959e-006
-4.8349e-006
-4.46285e-006
-4.89118e-006
-5.42169e-006
-5.35765e-006
-5.01096e-006
-4.99886e-006
-5.80715e-006
-6.74199e-006
-6.92916e-006
-6.64759e-006
-6.65352e-006
-7.08836e-006
-7.18233e-006
-6.68997e-006
-5.50917e-006
-4.22187e-006
-3.91976e-006
-4.4192e-006
-4.60379e-006
-4.55127e-006
-4.76448e-006
-5.49604e-006
-6.02078e-006
-5.50949e-006
-4.35043e-006
-3.77787e-006
-3.83682e-006
-3.79999e-006
-2.93998e-006
-1.9638e-006
-1.66447e-006
-2.04275e-006
-2.77294e-006
-3.80642e-006
-4.84006e-006
-5.20514e-006
-4.84492e-006
-4.17876e-006
-3.88472e-006
-4.06946e-006
-4.03919e-006
-3.72834e-006
-3.6872e-006
-3.80748e-006
-3.99792e-006
-4.44488e-006
-4.73527e-006
-4.76383e-006
-4.81643e-006
-5.18427e-006
-5.68396e-006
-5.5128e-006
-4.76249e-006
-4.15736e-006
-3.6743e-006
-3.32125e-006
-2.75727e-006
-2.23004e-006
-2.32975e-006
-2.87288e-006
-3.15307e-006
-3.26839e-006
-3.91819e-006
-4.66372e-006
-4.70426e-006
-4.30436e-006
-3.91236e-006
-3.75769e-006
-3.98189e-006
-4.11535e-006
-4.33785e-006
-4.92049e-006
-5.0021e-006
-4.54154e-006
-3.84149e-006
-2.86208e-006
-2.2017e-006
-1.80758e-006
-1.4667e-006
-1.60235e-006
-2.26427e-006
-2.95758e-006
-3.2075e-006
-3.32278e-006
-3.4869e-006
-3.54158e-006
-3.37173e-006
-3.16033e-006
-2.86288e-006
-2.52165e-006
-2.31396e-006
-2.1769e-006
-1.94446e-006
-1.74268e-006
-1.87288e-006
-1.82397e-006
-1.21065e-006
-8.6364e-007
-1.65832e-006
-2.76304e-006
-3.01516e-006
-2.39295e-006
-1.82213e-006
-1.4762e-006
-1.19795e-006
-1.23635e-006
-1.51536e-006
-1.59729e-006
-1.332e-006
-1.01216e-006
-3.69273e-007
5.60496e-007
1.06903e-006
1.55838e-006
2.19049e-006
2.32938e-006
2.37476e-006
2.41068e-006
2.32825e-006
2.67898e-006
3.20873e-006
3.29796e-006
3.46737e-006
3.49673e-006
2.79942e-006
2.03259e-006
1.78163e-006
1.53787e-006
1.52008e-006
1.93958e-006
2.00986e-006
1.62806e-006
1.33441e-006
1.49397e-006
2.08956e-006
2.19563e-006
1.66573e-006
1.18826e-006
8.95247e-007
1.00051e-006
9.37063e-007
3.64991e-007
-1.98897e-007
2.43221e-007
1.42892e-006
1.77127e-006
1.33244e-006
8.50843e-007
3.09384e-007
-1.70903e-007
-3.64549e-007
-7.15682e-007
-6.69781e-007
-3.33313e-007
-2.3028e-007
6.40986e-009
1.23806e-007
-3.01803e-007
-3.30807e-007
-9.02804e-008
-4.36666e-007
-1.23004e-006
-1.60486e-006
-1.52462e-006
-1.7656e-006
-1.9657e-006
-1.49886e-006
-9.60708e-007
-1.13764e-006
-1.83967e-006
-2.05435e-006
-1.5933e-006
-1.72399e-006
-2.90741e-006
-3.96123e-006
-4.09496e-006
-3.7391e-006
-3.43915e-006
-3.01772e-006
-2.65062e-006
-2.42821e-006
-2.54988e-006
-3.22685e-006
-3.81801e-006
-3.60462e-006
-3.30382e-006
-3.96949e-006
-5.30119e-006
-6.23001e-006
-6.77378e-006
-6.92355e-006
-6.29873e-006
-5.3929e-006
-5.17388e-006
-5.8745e-006
-6.7496e-006
-7.24395e-006
-7.50868e-006
-7.7382e-006
-7.89329e-006
-7.84835e-006
-7.3232e-006
-7.05556e-006
-6.99974e-006
-6.46541e-006
-5.58855e-006
-4.80681e-006

