ABR Group Header  ==================================
    Group Number: 0
         Records: 1
  SigGen File #1: DX
  SigGen File #2: 
      Subject ID:  
    Reference #1:  
    Reference #2:  
            Memo:  
      Start Time: Mon Dec 24 14:54
        End Time: Mon Dec 24 14:54
----------------------------------------------------

   Record Number: 0
   Aqu. Duration: 14.9914 ms
     Onset Delay: 0 ms
      No. Points: 366
    No. Averages: 2
   No. Artifacts: 0
      Start Time: Mon Dec 24 14:54

    SigGen Index: 68
       Variables: 
                  Freq = 16000 Hz
                  Level = 40 dB
                  Atten-A = 50 dB
                  Phase = 90 deg
                  Duration = 3 ms
                  GateTime = 1 ms
-4.52081e-006
-5.15014e-006
-5.2436e-006
-5.1637e-006
-5.06421e-006
-5.04425e-006
-4.98453e-006
-4.76905e-006
-4.4008e-006
-4.68231e-006
-5.65461e-006
-5.6351e-006
-4.55228e-006
-3.73692e-006
-3.72543e-006
-3.89511e-006
-4.26353e-006
-5.44178e-006
-6.37239e-006
-6.17617e-006
-5.14174e-006
-4.08909e-006
-3.55139e-006
-3.74157e-006
-4.43645e-006
-4.5375e-006
-3.91055e-006
-3.51826e-006
-3.92443e-006
-4.48032e-006
-4.40991e-006
-3.76191e-006
-2.81055e-006
-1.39071e-006
-2.86696e-007
-4.49173e-007
-1.56129e-006
-2.23212e-006
-1.49806e-006
-2.18305e-007
4.46332e-007
5.74601e-007
4.7542e-007
-1.14689e-007
-6.85088e-007
-3.89193e-007
-2.22287e-007
-1.01313e-006
-2.07359e-006
-1.76536e-006
-1.90064e-007
8.68239e-007
9.7752e-007
5.02172e-007
1.61404e-007
1.90346e-007
4.60263e-007
8.37759e-007
1.36436e-006
1.68887e-006
1.549e-006
1.17655e-006
1.22109e-006
2.02781e-006
2.62997e-006
2.70698e-006
2.61699e-006
2.41321e-006
2.10805e-006
1.81234e-006
1.35369e-006
8.64778e-007
5.34684e-007
7.15854e-007
1.0234e-006
8.71231e-007
3.25148e-007
1.11653e-008
1.54288e-007
8.0998e-008
-3.82481e-007
-2.2749e-007
3.25379e-007
4.32268e-007
8.64184e-008
1.68673e-007
7.8815e-007
1.22933e-006
1.41107e-006
1.53167e-006
1.85253e-006
2.04175e-006
2.04948e-006
1.95098e-006
2.03724e-006
2.58654e-006
3.25777e-006
3.04302e-006
2.31933e-006
2.12832e-006
2.67852e-006
2.82477e-006
2.09886e-006
1.24897e-006
1.14089e-006
1.43471e-006
1.5299e-006
1.46003e-006
1.57073e-006
1.82557e-006
1.81599e-006
1.44909e-006
9.81894e-007
7.63658e-007
1.00927e-006
1.38007e-006
1.73595e-006
2.32328e-006
2.45743e-006
1.57217e-006
5.1158e-007
1.84105e-007
3.75651e-007
8.77584e-007
1.54519e-006
1.78267e-006
8.89051e-007
-6.51123e-007
-1.45822e-006
-1.20005e-006
-8.2937e-007
-9.58384e-007
-6.63304e-007
1.71792e-008
-7.30876e-008
-7.86406e-007
-1.28893e-006
-1.52981e-006
-1.73821e-006
-2.00131e-006
-2.45002e-006
-2.93456e-006
-3.37935e-006
-3.82261e-006
-4.39554e-006
-5.14775e-006
-5.78788e-006
-6.33926e-006
-6.80143e-006
-6.94991e-006
-6.4428e-006
-5.92965e-006
-5.66024e-006
-5.31073e-006
-4.99876e-006
-5.17337e-006
-5.68505e-006
-5.87382e-006
-5.60167e-006
-4.91946e-006
-3.99405e-006
-3.86045e-006
-4.21286e-006
-4.15806e-006
-3.81541e-006
-3.43007e-006
-3.29392e-006
-3.80608e-006
-4.9496e-006
-5.85766e-006
-6.18927e-006
-6.13145e-006
-5.70446e-006
-5.28685e-006
-5.32899e-006
-5.08589e-006
-4.45801e-006
-4.11094e-006
-3.63031e-006
-2.46314e-006
-1.46388e-006
-1.34522e-006
-1.5431e-006
-1.70216e-006
-1.88832e-006
-1.60058e-006
-1.22652e-006
-8.12965e-007
-5.9764e-007
-9.76298e-007
-1.50126e-006
-1.82024e-006
-1.83837e-006
-1.29535e-006
-2.68027e-007
2.37722e-007
-5.69939e-007
-1.71125e-006
-1.38792e-006
1.83587e-007
1.27278e-006
1.24929e-006
1.12357e-006
1.43368e-006
1.80775e-006
1.98635e-006
1.76631e-006
1.38111e-006
1.45524e-006
1.74517e-006
1.94196e-006
1.95872e-006
1.13484e-006
-1.51504e-007
-1.08468e-006
-1.04047e-006
-1.3777e-007
6.21328e-007
9.26167e-007
5.31529e-007
-2.97909e-007
-6.62791e-007
-4.34572e-007
-6.0995e-007
-1.0094e-006
-8.71133e-007
-2.50696e-007
9.39434e-008
3.63424e-007
4.1146e-007
2.35088e-007
3.63848e-007
1.05451e-006
1.8195e-006
2.16523e-006
2.18434e-006
1.65189e-006
9.17666e-007
8.71244e-007
1.33051e-006
1.15303e-006
5.4312e-007
-5.05445e-008
-5.93491e-007
-9.32304e-007
-8.12661e-007
-5.60762e-007
-1.53087e-007
4.42039e-007
6.81401e-007
-6.88211e-008
-8.98819e-007
-9.7925e-007
-8.07469e-007
-1.04059e-006
-1.16016e-006
-8.3132e-007
-5.15538e-007
-4.26257e-007
-1.61629e-007
5.83724e-008
-1.01207e-007
-3.64472e-007
-6.12639e-007
-1.08983e-006
-1.5183e-006
-1.73699e-006
-1.55647e-006
-8.24758e-007
-1.96842e-007
-4.10962e-007
-1.4682e-006
-2.48565e-006
-2.77729e-006
-2.26155e-006
-1.28621e-006
-6.39618e-007
-8.59481e-007
-1.07527e-006
-8.46094e-008
1.10786e-006
1.43702e-006
1.44408e-006
1.549e-006
1.75713e-006
2.01831e-006
1.81627e-006
8.266e-007
-3.00379e-007
-6.60446e-007
-2.45869e-007
-7.10415e-008
-2.72455e-007
3.17144e-008
8.06137e-007
1.28413e-006
1.70817e-006
2.19461e-006
2.47663e-006
2.50648e-006
2.70799e-006
3.1674e-006
3.49503e-006
3.63451e-006
3.54583e-006
3.55543e-006
3.90718e-006
3.96782e-006
3.39569e-006
2.92399e-006
3.35596e-006
4.33073e-006
4.85646e-006
4.86825e-006
4.86529e-006
5.03331e-006
5.3328e-006
5.51146e-006
5.18985e-006
4.63895e-006
4.46776e-006
4.5154e-006
4.62092e-006
4.65489e-006
4.44399e-006
4.414e-006
4.76514e-006
5.26037e-006
5.74395e-006
5.81013e-006
5.84358e-006
5.82661e-006
5.69352e-006
5.44057e-006
5.24644e-006
5.25404e-006
5.0689e-006
4.91831e-006
4.98645e-006
5.13508e-006
5.28371e-006
5.79111e-006
6.02851e-006
5.93001e-006
6.22915e-006
6.24777e-006
6.00491e-006
5.77648e-006
5.02738e-006
4.00382e-006
3.19722e-006
2.71855e-006
3.1013e-006
3.5803e-006
3.13671e-006
2.03389e-006
8.38372e-007
7.98777e-008
5.33409e-007
1.72059e-006
2.28961e-006
2.0043e-006
1.32284e-006
9.57827e-007
7.31178e-007
5.39036e-007

