ABR Group Header  ==================================
    Group Number: 0
         Records: 1
  SigGen File #1: DX
  SigGen File #2: 
      Subject ID:  
    Reference #1:  
    Reference #2:  
            Memo:  
      Start Time: Mon Dec 24 15:09
        End Time: Mon Dec 24 15:09
----------------------------------------------------

   Record Number: 0
   Aqu. Duration: 14.9914 ms
     Onset Delay: 0 ms
      No. Points: 366
    No. Averages: 2
   No. Artifacts: 0
      Start Time: Mon Dec 24 15:09

    SigGen Index: 70
       Variables: 
                  Freq = 16000 Hz
                  Level = 30 dB
                  Atten-A = 60 dB
                  Phase = 90 deg
                  Duration = 3 ms
                  GateTime = 1 ms
-3.94525e-006
-3.93096e-006
-3.07036e-006
-2.48265e-006
-2.55243e-006
-2.5996e-006
-2.47622e-006
-2.49034e-006
-3.23233e-006
-4.62619e-006
-5.21164e-006
-4.75537e-006
-4.08102e-006
-3.57393e-006
-3.3312e-006
-3.35171e-006
-3.40034e-006
-3.69844e-006
-4.0456e-006
-4.12287e-006
-3.91597e-006
-3.58898e-006
-3.5517e-006
-3.75824e-006
-3.97253e-006
-4.08141e-006
-3.75394e-006
-3.12407e-006
-2.94707e-006
-3.49196e-006
-3.92596e-006
-3.45177e-006
-2.63351e-006
-2.04041e-006
-1.44661e-006
-1.19314e-006
-1.93203e-006
-3.22683e-006
-3.60276e-006
-2.72252e-006
-1.94089e-006
-1.79902e-006
-1.2469e-006
-5.41629e-007
-2.2807e-007
-7.12822e-007
-1.60316e-006
-2.14254e-006
-1.89292e-006
-1.59328e-006
-1.64295e-006
-1.0748e-006
8.80476e-008
3.70898e-007
-2.6518e-007
-9.46166e-007
-1.6338e-006
-2.10889e-006
-1.58489e-006
3.43846e-010
1.2335e-006
1.58315e-006
1.45974e-006
1.05305e-006
9.18461e-007
1.17651e-006
1.62627e-006
1.72333e-006
1.55998e-006
1.654e-006
1.60531e-006
9.91313e-007
4.0612e-007
7.65648e-007
2.15891e-006
3.8459e-006
4.45355e-006
3.75832e-006
2.82748e-006
2.94418e-006
3.88905e-006
4.34351e-006
3.9559e-006
3.73048e-006
3.75851e-006
3.64669e-006
3.0741e-006
2.22714e-006
1.72832e-006
1.98341e-006
2.49364e-006
2.88411e-006
2.89063e-006
2.85375e-006
3.26751e-006
3.73416e-006
4.24613e-006
5.19036e-006
5.58469e-006
5.13361e-006
4.44736e-006
4.24263e-006
4.36695e-006
4.986e-006
6.16678e-006
6.86731e-006
6.72575e-006
6.56436e-006
7.09817e-006
7.18134e-006
6.76074e-006
6.82983e-006
7.12606e-006
6.74618e-006
6.28745e-006
6.59433e-006
7.07272e-006
7.05668e-006
6.72196e-006
6.32356e-006
6.08931e-006
6.08427e-006
5.95414e-006
5.75527e-006
5.63801e-006
5.37925e-006
5.02155e-006
4.92144e-006
4.90127e-006
4.29455e-006
3.32591e-006
3.20575e-006
3.88601e-006
4.37244e-006
4.47888e-006
4.15247e-006
3.44292e-006
3.20442e-006
3.90656e-006
4.96919e-006
5.89972e-006
6.30682e-006
6.16977e-006
5.65785e-006
5.0641e-006
4.32376e-006
3.71965e-006
3.94125e-006
4.37258e-006
4.17519e-006
3.72971e-006
4.10127e-006
4.71081e-006
4.49511e-006
4.41195e-006
4.81143e-006
4.90919e-006
4.69283e-006
4.54139e-006
4.64491e-006
4.80889e-006
4.47967e-006
3.88264e-006
3.20314e-006
2.87303e-006
2.76005e-006
2.62061e-006
2.44879e-006
2.78716e-006
3.20288e-006
3.04177e-006
2.51746e-006
2.33544e-006
2.68179e-006
2.5083e-006
1.81349e-006
1.9779e-006
2.83626e-006
3.16741e-006
3.08011e-006
2.69285e-006
2.24939e-006
1.72987e-006
1.54874e-006
1.81585e-006
1.82591e-006
1.19983e-006
8.3762e-007
1.20397e-006
1.52048e-006
1.34796e-006
1.23177e-006
1.68602e-006
2.02065e-006
2.08773e-006
2.70247e-006
3.26316e-006
3.01037e-006
2.67312e-006
2.27127e-006
1.8766e-006
1.89995e-006
2.12394e-006
2.31386e-006
2.69788e-006
2.95589e-006
2.34161e-006
1.28937e-006
9.92625e-007
1.6665e-006
2.34018e-006
2.58347e-006
2.88225e-006
3.20882e-006
2.82089e-006
1.54054e-006
6.11483e-007
9.02719e-007
1.48866e-006
1.54236e-006
1.4869e-006
1.132e-006
3.97038e-007
9.21001e-008
2.96591e-007
-3.62121e-007
-1.18598e-006
-1.32375e-006
-5.33771e-007
4.28758e-007
9.34479e-007
1.43068e-006
2.03814e-006
2.43008e-006
2.10146e-006
1.81631e-006
2.19935e-006
3.0812e-006
3.53917e-006
3.14896e-006
2.46321e-006
2.07928e-006
2.44753e-006
3.24849e-006
3.52186e-006
2.86009e-006
2.22457e-006
2.10325e-006
2.2667e-006
2.18178e-006
1.78368e-006
1.50342e-006
1.26616e-006
1.12064e-006
1.43121e-006
2.29671e-006
2.82692e-006
2.06877e-006
5.62616e-007
-3.65963e-007
-9.49934e-007
-1.19169e-006
-7.59181e-007
-1.90773e-007
1.7566e-007
6.08491e-007
6.28163e-007
6.63542e-008
-5.37656e-007
-1.26697e-006
-1.93793e-006
-1.74114e-006
-1.18548e-006
-4.58866e-007
1.21569e-008
-9.74157e-008
-2.93694e-007
-8.35803e-007
-1.57594e-006
-2.16053e-006
-2.68866e-006
-3.45574e-006
-3.81871e-006
-3.43378e-006
-3.08267e-006
-2.97667e-006
-3.16898e-006
-3.67522e-006
-4.05124e-006
-4.10956e-006
-3.9834e-006
-3.92294e-006
-3.81096e-006
-3.61875e-006
-3.54381e-006
-3.85836e-006
-4.72675e-006
-5.23815e-006
-4.69693e-006
-4.24136e-006
-4.72765e-006
-5.58673e-006
-5.88915e-006
-5.72762e-006
-5.57442e-006
-5.65186e-006
-6.14708e-006
-6.85008e-006
-7.08653e-006
-6.73628e-006
-6.7184e-006
-7.23489e-006
-7.30108e-006
-6.88485e-006
-7.16188e-006
-7.45859e-006
-7.02293e-006
-6.56036e-006
-6.65894e-006
-6.5526e-006
-6.00008e-006
-6.03815e-006
-6.80109e-006
-7.50634e-006
-7.49394e-006
-7.21012e-006
-7.07413e-006
-6.33932e-006
-5.00489e-006
-3.80108e-006
-2.84314e-006
-2.93981e-006
-4.21371e-006
-5.19257e-006
-5.61287e-006
-5.82492e-006
-5.5829e-006
-5.36764e-006
-5.23366e-006
-4.97954e-006
-5.29519e-006
-6.65052e-006
-7.76702e-006
-7.60316e-006
-6.51936e-006
-6.02569e-006
-6.33767e-006
-6.56581e-006
-6.31123e-006
-6.09664e-006
-6.20475e-006
-6.04142e-006
-5.37245e-006
-4.82164e-006
-4.25832e-006
-3.80616e-006
-3.7592e-006
-3.92272e-006
-4.1226e-006
-4.17366e-006
-4.1803e-006
-4.2718e-006
-4.20928e-006
-4.29033e-006
-4.38183e-006
-4.03964e-006

