ABR Group Header  ==================================
    Group Number: 0
         Records: 1
  SigGen File #1: DX
  SigGen File #2: 
      Subject ID:  
    Reference #1:  
    Reference #2:  
            Memo:  
      Start Time: Mon Dec 24 15:25
        End Time: Mon Dec 24 15:25
----------------------------------------------------

   Record Number: 0
   Aqu. Duration: 14.9914 ms
     Onset Delay: 0 ms
      No. Points: 366
    No. Averages: 2
   No. Artifacts: 0
      Start Time: Mon Dec 24 15:25

    SigGen Index: 73
       Variables: 
                  Freq = 16000 Hz
                  Level = 15 dB
                  Atten-A = 75 dB
                  Phase = 90 deg
                  Duration = 3 ms
                  GateTime = 1 ms
-2.55525e-006
-6.6113e-007
6.77924e-007
6.24118e-007
1.83482e-007
1.08251e-007
-9.0709e-008
-7.46803e-007
-1.46139e-006
-1.75797e-006
-1.95124e-006
-2.41792e-006
-2.18916e-006
-1.49677e-006
-1.26157e-006
-1.25358e-006
-1.46527e-006
-1.92036e-006
-2.45596e-006
-2.56263e-006
-2.15825e-006
-2.09287e-006
-2.59577e-006
-2.9466e-006
-3.15716e-006
-3.25516e-006
-3.09121e-006
-2.42687e-006
-1.82151e-006
-2.29056e-006
-3.11136e-006
-3.2787e-006
-3.28142e-006
-3.55035e-006
-3.67862e-006
-3.28566e-006
-2.73854e-006
-1.99756e-006
-9.35101e-007
-3.26947e-007
-4.58798e-007
-9.33726e-007
-1.33707e-006
-1.44376e-006
-1.61608e-006
-1.66807e-006
-1.12492e-006
-4.54751e-007
-1.09703e-006
-2.44992e-006
-2.80572e-006
-2.43624e-006
-2.00364e-006
-1.6894e-006
-1.63572e-006
-1.94315e-006
-2.21753e-006
-2.11248e-006
-1.66101e-006
-9.19273e-007
-2.91751e-007
-8.49016e-008
1.25459e-007
5.66535e-007
1.10927e-006
1.70234e-006
2.11139e-006
2.16957e-006
1.99335e-006
1.94248e-006
2.15525e-006
1.93087e-006
1.45199e-006
1.53501e-006
2.38085e-006
3.22808e-006
3.25816e-006
2.67372e-006
1.68608e-006
9.64594e-007
8.18741e-007
8.76205e-007
6.52375e-007
3.35357e-007
-5.03439e-008
-1.30029e-009
9.52465e-007
1.4155e-006
8.50078e-007
3.25843e-007
6.68639e-007
1.41046e-006
1.75675e-006
1.97167e-006
2.68567e-006
3.10817e-006
2.71314e-006
2.24535e-006
2.11186e-006
2.1325e-006
1.80655e-006
1.04413e-006
8.91579e-007
1.68188e-006
2.6286e-006
2.89154e-006
2.71321e-006
2.78775e-006
3.07848e-006
3.35179e-006
3.30142e-006
3.14486e-006
3.09418e-006
3.36155e-006
3.47229e-006
2.73011e-006
1.68347e-006
1.01871e-006
5.8178e-007
4.19549e-007
1.06693e-006
1.95142e-006
2.08901e-006
1.62997e-006
1.37323e-006
2.13784e-006
3.39327e-006
3.76939e-006
3.11269e-006
2.90083e-006
3.3957e-006
3.44498e-006
3.29791e-006
3.52409e-006
3.40413e-006
3.09508e-006
2.95131e-006
2.76678e-006
2.68278e-006
2.98568e-006
4.14315e-006
5.93022e-006
6.95256e-006
6.98296e-006
6.68491e-006
6.16459e-006
5.4803e-006
4.97754e-006
5.06514e-006
5.73652e-006
6.1037e-006
5.89463e-006
5.88997e-006
6.07955e-006
5.93927e-006
5.2739e-006
4.41198e-006
4.59211e-006
5.40391e-006
5.35148e-006
4.47341e-006
3.89629e-006
3.96481e-006
4.1809e-006
4.45424e-006
5.00205e-006
5.87634e-006
6.6452e-006
6.76789e-006
6.21403e-006
5.43814e-006
4.96391e-006
4.66298e-006
4.51941e-006
4.52084e-006
4.81118e-006
5.2553e-006
5.53671e-006
5.36241e-006
4.64074e-006
4.00271e-006
4.02209e-006
4.55323e-006
4.92777e-006
4.41203e-006
3.87048e-006
4.75396e-006
6.38505e-006
6.79081e-006
5.87722e-006
4.49263e-006
3.84931e-006
4.44639e-006
5.10633e-006
5.33321e-006
5.08948e-006
4.34446e-006
3.73635e-006
3.38042e-006
3.3724e-006
4.12857e-006
4.86433e-006
4.89377e-006
4.81095e-006
4.70705e-006
4.58906e-006
4.63902e-006
4.55035e-006
4.68146e-006
5.2357e-006
5.20743e-006
4.32714e-006
3.37729e-006
2.68414e-006
2.37018e-006
2.35423e-006
2.30664e-006
1.64677e-006
5.511e-007
1.29716e-007
7.20692e-007
1.36696e-006
1.58756e-006
2.08763e-006
2.80665e-006
2.63718e-006
1.50408e-006
6.85558e-007
1.12055e-006
2.4739e-006
3.11936e-006
2.40593e-006
1.70713e-006
1.82736e-006
2.08975e-006
2.03356e-006
1.31637e-006
3.25625e-007
3.4239e-007
8.794e-007
1.01235e-006
6.40879e-007
1.43142e-007
-2.46979e-007
-4.15141e-007
-3.68837e-007
-1.35358e-007
1.70867e-007
2.27937e-007
1.89497e-007
2.97855e-007
2.78923e-007
-5.33821e-009
-8.53284e-008
-3.83444e-008
-3.97147e-007
-9.69492e-007
-1.23824e-006
-1.15208e-006
-7.99738e-007
-1.6508e-007
1.94506e-007
9.682e-008
-3.69068e-007
-1.21161e-006
-1.97319e-006
-2.20998e-006
-2.35894e-006
-2.81515e-006
-2.98018e-006
-2.3672e-006
-1.55531e-006
-1.1927e-006
-1.09234e-006
-9.81192e-007
-1.00302e-006
-1.26767e-006
-1.44057e-006
-1.97889e-006
-2.6677e-006
-2.57377e-006
-2.04175e-006
-1.57448e-006
-1.4691e-006
-2.42429e-006
-3.87247e-006
-4.69613e-006
-4.34271e-006
-3.29542e-006
-3.1552e-006
-3.71017e-006
-4.21968e-006
-4.69107e-006
-5.07473e-006
-5.03789e-006
-5.29652e-006
-5.98986e-006
-6.41636e-006
-6.01752e-006
-4.85323e-006
-3.65142e-006
-3.72133e-006
-5.08417e-006
-6.15615e-006
-5.9563e-006
-4.95416e-006
-4.36061e-006
-4.79062e-006
-5.41309e-006
-5.46526e-006
-5.52738e-006
-5.81805e-006
-5.80051e-006
-5.17915e-006
-4.3677e-006
-3.8359e-006
-3.98396e-006
-4.2284e-006
-3.9802e-006
-3.63672e-006
-3.20531e-006
-2.94981e-006
-3.12435e-006
-3.41066e-006
-3.53972e-006
-4.04056e-006
-4.81075e-006
-5.1826e-006
-5.4487e-006
-5.98717e-006
-6.07202e-006
-5.38601e-006
-4.70588e-006
-4.93409e-006
-5.82421e-006
-6.27307e-006
-5.47147e-006
-4.18782e-006
-4.09256e-006
-5.18501e-006
-6.23979e-006
-6.74156e-006
-6.59641e-006
-5.86146e-006
-4.73748e-006
-3.87169e-006
-3.95852e-006
-4.61996e-006
-5.01908e-006
-5.03337e-006
-5.274e-006
-5.7884e-006
-6.00743e-006
-6.32638e-006
-7.04779e-006
-7.3921e-006
-6.76463e-006
-5.67929e-006
-5.61243e-006
-6.87343e-006
-8.16521e-006
-8.43574e-006
-7.76214e-006
-7.02357e-006
-6.86992e-006
-7.21949e-006

