ABR Group Header  ==================================
    Group Number: 0
         Records: 1
  SigGen File #1: DX
  SigGen File #2: 
      Subject ID:  
    Reference #1:  
    Reference #2:  
            Memo:  
      Start Time: Mon Dec 24 15:40
        End Time: Mon Dec 24 15:40
----------------------------------------------------

   Record Number: 0
   Aqu. Duration: 14.9914 ms
     Onset Delay: 0 ms
      No. Points: 366
    No. Averages: 2
   No. Artifacts: 0
      Start Time: Mon Dec 24 15:40

    SigGen Index: 75
       Variables: 
                  Freq = 16000 Hz
                  Level = 5 dB
                  Atten-A = 85 dB
                  Phase = 90 deg
                  Duration = 3 ms
                  GateTime = 1 ms
-5.41919e-006
-5.13642e-006
-4.55137e-006
-4.12546e-006
-3.61143e-006
-3.4299e-006
-3.90399e-006
-4.33251e-006
-4.44473e-006
-4.63639e-006
-4.75721e-006
-4.94012e-006
-5.43801e-006
-5.66162e-006
-5.314e-006
-4.47884e-006
-4.14233e-006
-4.51048e-006
-4.56e-006
-4.30777e-006
-3.88061e-006
-3.64083e-006
-4.08504e-006
-4.85738e-006
-5.05247e-006
-4.98136e-006
-5.24384e-006
-5.5552e-006
-5.0419e-006
-3.99687e-006
-3.60149e-006
-3.4192e-006
-3.15361e-006
-3.10534e-006
-3.26903e-006
-3.70629e-006
-4.57408e-006
-5.32056e-006
-5.44246e-006
-4.99227e-006
-4.36453e-006
-3.84318e-006
-3.19303e-006
-2.65085e-006
-2.35491e-006
-1.93139e-006
-2.20097e-006
-3.35753e-006
-4.089e-006
-3.75327e-006
-3.29157e-006
-2.84869e-006
-2.17607e-006
-1.18273e-006
-9.04161e-007
-1.90824e-006
-2.78659e-006
-3.12166e-006
-3.62916e-006
-4.34369e-006
-5.09464e-006
-5.3496e-006
-4.6269e-006
-3.03631e-006
-1.746e-006
-1.71575e-006
-2.28057e-006
-2.41459e-006
-2.30672e-006
-2.55141e-006
-2.88188e-006
-2.81897e-006
-2.51376e-006
-2.22201e-006
-2.48459e-006
-3.12111e-006
-3.49993e-006
-3.44052e-006
-3.46249e-006
-3.61884e-006
-3.96847e-006
-4.423e-006
-4.55442e-006
-4.78126e-006
-5.12725e-006
-5.11657e-006
-4.51116e-006
-4.10764e-006
-4.26207e-006
-4.58026e-006
-4.76164e-006
-4.98986e-006
-5.24624e-006
-5.34011e-006
-5.10299e-006
-4.36817e-006
-3.49149e-006
-3.57157e-006
-4.49244e-006
-5.10609e-006
-4.66595e-006
-3.85789e-006
-3.63674e-006
-4.01632e-006
-3.96232e-006
-3.74713e-006
-4.29704e-006
-5.03386e-006
-4.77987e-006
-3.82297e-006
-3.05313e-006
-2.29145e-006
-1.18227e-006
-1.17933e-006
-2.57986e-006
-3.03996e-006
-2.26286e-006
-2.03208e-006
-2.54796e-006
-3.27159e-006
-3.65191e-006
-3.70853e-006
-3.68119e-006
-3.3227e-006
-3.05458e-006
-3.16269e-006
-3.36611e-006
-3.47113e-006
-3.60913e-006
-3.79443e-006
-3.38113e-006
-2.63057e-006
-2.26607e-006
-2.10204e-006
-1.6491e-006
-1.3199e-006
-1.22053e-006
-1.3917e-006
-2.01443e-006
-2.57869e-006
-2.5673e-006
-2.01588e-006
-1.00927e-006
-2.28311e-008
5.90388e-007
8.23873e-007
8.29946e-007
8.1606e-007
9.22881e-007
9.49581e-007
6.07424e-007
1.21786e-007
-2.06603e-007
-2.23299e-007
1.66361e-008
2.0823e-007
3.7089e-007
8.22326e-007
1.92642e-006
3.34259e-006
4.27583e-006
4.17851e-006
3.53092e-006
3.54907e-006
4.05027e-006
4.40726e-006
4.6343e-006
4.88962e-006
5.31662e-006
5.67815e-006
5.75697e-006
5.62924e-006
5.79144e-006
5.67777e-006
4.77918e-006
4.50785e-006
5.08423e-006
5.59269e-006
6.25912e-006
7.15057e-006
7.34003e-006
6.79421e-006
6.32806e-006
6.15256e-006
6.07464e-006
6.06661e-006
5.76114e-006
5.52158e-006
5.91934e-006
6.38665e-006
6.06775e-006
5.50501e-006
5.05114e-006
4.60969e-006
4.22642e-006
4.23737e-006
4.56898e-006
4.5782e-006
4.45814e-006
4.55351e-006
5.23454e-006
5.96249e-006
6.01876e-006
5.5362e-006
5.09585e-006
5.42665e-006
6.53528e-006
7.24111e-006
6.99829e-006
6.06112e-006
5.12806e-006
4.92248e-006
5.59884e-006
6.48377e-006
7.27409e-006
7.76278e-006
7.24344e-006
6.08748e-006
5.39852e-006
5.4856e-006
5.29167e-006
4.72147e-006
4.36639e-006
4.46572e-006
4.6281e-006
4.5289e-006
4.16837e-006
3.73826e-006
3.11005e-006
3.05343e-006
3.61882e-006
3.61015e-006
2.92107e-006
2.17876e-006
1.87167e-006
1.52493e-006
1.24193e-006
1.65442e-006
2.09442e-006
2.2282e-006
2.69637e-006
3.21416e-006
3.05682e-006
2.51909e-006
2.13469e-006
2.08148e-006
2.45173e-006
2.98921e-006
3.19465e-006
3.06063e-006
3.3354e-006
3.78964e-006
3.50361e-006
2.64501e-006
2.34076e-006
2.9463e-006
3.64955e-006
4.13737e-006
4.424e-006
4.53097e-006
4.56557e-006
4.7712e-006
5.21596e-006
4.90919e-006
4.08585e-006
3.71216e-006
3.82471e-006
3.71866e-006
3.5172e-006
3.90699e-006
4.40594e-006
4.22296e-006
4.00179e-006
4.43286e-006
5.05271e-006
5.15931e-006
4.96444e-006
4.7165e-006
4.33891e-006
4.21468e-006
4.37176e-006
4.3175e-006
3.53212e-006
2.27079e-006
2.12875e-006
3.88148e-006
5.71329e-006
6.37279e-006
6.38199e-006
6.04525e-006
5.67134e-006
5.5526e-006
5.57071e-006
5.44923e-006
5.36341e-006
5.2921e-006
4.82256e-006
4.35604e-006
4.93768e-006
5.81875e-006
5.72417e-006
4.7397e-006
3.92696e-006
3.96656e-006
4.35986e-006
4.31848e-006
4.3584e-006
4.33453e-006
3.77763e-006
3.19389e-006
3.1652e-006
2.80298e-006
1.36586e-006
4.11432e-007
1.07786e-006
2.18006e-006
2.03681e-006
1.27164e-006
7.78511e-007
3.84805e-007
3.16042e-007
5.80644e-007
7.45912e-007
3.71123e-007
-4.7009e-007
-1.20774e-006
-1.96451e-006
-2.79336e-006
-3.47775e-006
-4.0199e-006
-4.48984e-006
-4.5043e-006
-4.46047e-006
-4.3281e-006
-4.65294e-006
-5.22902e-006
-5.37258e-006
-5.2965e-006
-5.33098e-006
-5.55675e-006
-5.51399e-006
-5.006e-006
-4.64322e-006
-4.91031e-006
-5.30784e-006
-4.90681e-006
-4.45323e-006
-4.60311e-006
-5.08513e-006
-5.35414e-006
-5.16404e-006
-4.87742e-006
-4.72855e-006
-4.76996e-006
-5.26344e-006
-5.6602e-006
-5.95379e-006
-6.16375e-006
-6.14545e-006
-5.73364e-006
-5.34347e-006
-5.29517e-006
-5.64129e-006
-5.87741e-006
-6.01837e-006
-6.38093e-006

